voteModifiers({Limitation = true, ExplodingEnemies = true})
place(-18.210, 1.000, -1.992, "Shotgunner", 600)
place(-18.290, 1.000, -3.992, "Shotgunner", 300)
place(-18.105, 1.000, -6.021, "Shotgunner", 340)
place(-21.980, 1.000, 3.309, "Farm", 591)
task.wait(1)
upgrade(-21.980, 2.125, 3.309, 480)
upgrade(-21.980, 2.125, 3.309, 897)
upgrade(-18.210, 2.350, -1.992, 522)
upgrade(-18.290, 2.350, -3.992, 372)
upgrade(-18.105, 2.350, -6.021, 222)
upgrade(-18.210, 2.350, -1.992, 1150)
upgrade(-18.290, 2.350, -3.992, 1336)
upgrade(-18.105, 2.350, -6.021, 1028)
upgrade(-21.980, 2.125, 3.309, 1053)
place(-18.415, 1.000, 3.468, "Farm", 315)
task.wait(1)
upgrade(-18.415, 2.125, 3.468, 615)
upgrade(-18.415, 2.125, 3.468, 855)
upgrade(-18.415, 2.125, 3.468, 1060)
place(19.432, 1.000, 12.999, "Military Base", 1351)
task.wait(1)
upgrade(19.432, 1.863, 12.999, 1031)
upgrade(19.432, 1.863, 12.999, 835)
place(19.433, 1.000, 8.473, "Military Base", 2114)
task.wait(1)
upgrade(19.433, 1.863, 8.473, 2035)
upgrade(19.433, 1.863, 8.473, 1835)
upgrade(19.432, 1.863, 12.999, 2435)
upgrade(19.433, 1.863, 8.473, 2152)
place(-14.760, 1.000, 3.445, "Farm", 1910)
task.wait(1)
upgrade(-14.760, 2.125, 3.445, 1788)
upgrade(-14.760, 2.125, 3.445, 1588)
upgrade(-14.760, 2.125, 3.445, 1038)
place(-22.053, 1.000, 6.911, "Farm", 438)
task.wait(1)
upgrade(-22.053, 2.125, 6.911, 268)
upgrade(-22.053, 2.125, 6.911, 630)
upgrade(-22.053, 2.125, 6.911, 1032)
place(-18.478, 1.000, 7.130, "Farm", 412)
task.wait(1)
upgrade(-18.478, 2.125, 7.130, 2212)
upgrade(-18.478, 2.125, 7.130, 2012)
upgrade(-18.478, 2.125, 7.130, 1462)
place(-14.826, 1.000, 6.960, "Farm", 462)
task.wait(1)
upgrade(-14.826, 2.125, 6.960, 212)
upgrade(-14.826, 2.125, 6.960, 572)
upgrade(-14.826, 2.125, 6.960, 1848)
place(-22.242, 1.000, 10.633, "Farm", 1258)
task.wait(1)
upgrade(-22.242, 2.125, 10.633, 1008)
upgrade(-22.242, 2.125, 10.633, 3908)
upgrade(-22.242, 2.125, 10.633, 3358)
upgrade(19.433, 1.863, 8.473, 8679)
ability(1)
activateAbility(19.433, 1.863, 8.473, "Airstrike")
upgrade(19.432, 1.863, 12.999, 7812)
place(23.984, 1.000, 8.217, "Military Base", 792)
task.wait(1)
upgrade(23.984, 1.863, 8.217, 392)
upgrade(23.984, 1.863, 8.217, 412)
upgrade(23.984, 1.863, 8.217, 912)
upgrade(23.984, 1.863, 8.217, 2664)
upgrade(23.984, 1.863, 8.217, 7870)
place(28.556, 1.000, 8.284, "Military Base", 770)
task.wait(1)
upgrade(28.556, 1.863, 8.284, 370)
upgrade(28.556, 1.863, 8.284, 1498)
upgrade(28.556, 1.863, 8.284, 1629)
ability(1)
activateAbility(19.433, 1.863, 8.473, "Airstrike")
upgrade(28.556, 1.863, 8.284, 8401)
place(30.186, 1.000, 12.501, "Military Base", 7365)
task.wait(1)
upgrade(30.186, 1.863, 12.501, 6965)
upgrade(30.186, 1.863, 12.501, 6765)
upgrade(30.186, 1.863, 12.501, 6365)
ability(1)
activateAbility(19.432, 1.863, 12.999, "Airstrike")
upgrade(30.186, 1.863, 12.501, 9033)
place(-14.139, 1.000, -9.061, "Hacker", 5735)
task.wait(1)
upgrade(-14.139, 2.403, -9.061, 4685)
upgrade(-14.139, 2.403, -9.061, 4085)
place(-23.891, 1.000, -0.817, "Hacker", 2835)
task.wait(1)
upgrade(-23.891, 2.403, -0.817, 1784)
upgrade(-23.891, 2.403, -0.817, 1625)
place(24.384, 1.000, 13.033, "Mercenary Base", 4295)
task.wait(1)
upgrade(24.384, 0.975, 13.033, 2167)
upgrade(24.384, 0.975, 13.033, 4317)
upgrade(24.384, 0.975, 13.033, 7728)
place(26.987, 1.000, 18.571, "Mercenary Base", 3728)
task.wait(1)
upgrade(26.987, 0.975, 18.571, 1362)
upgrade(26.987, 0.975, 18.571, 2928)
upgrade(26.987, 0.975, 18.571, 8269)
place(22.364, 1.000, 18.282, "Mercenary Base", 3922)
task.wait(1)
upgrade(22.364, 0.975, 18.282, 1944)
upgrade(22.364, 0.975, 18.282, 4159)
upgrade(22.364, 0.975, 18.282, 8231)
ability(1)
activateAbility(19.433, 1.863, 8.473, "Airstrike")
upgrade(24.384, 0.975, 13.033, 10447)
ability(1)
activateAbility(19.432, 1.863, 12.999, "Airstrike")
ability(1)
activateAbility(23.984, 1.863, 8.217, "Airstrike")
upgrade(24.384, 0.975, 13.033, 17513)
ability(2)
airDropAbility(24.384, 0.975, 13.033, "1", 154.055384, 24.847471, 1.125002, 15.758075, 0.100422, 0.000000, 0.994945, 0.000000, 1.000000, -0.000000, -0.994945, 0.000000)
ability(1)
activateAbility(19.433, 1.863, 8.473, "Airstrike")
ability(1)
activateAbility(19.432, 1.863, 12.999, "Airstrike")
upgrade(24.384, 0.975, 13.033, 37418)
upgrade(26.987, 0.975, 18.571, 12351)
upgrade(26.987, 0.975, 18.571, 14654)
ability(2)
airDropAbility(26.987, 0.975, 18.571, "1", 154.055384, 25.888319, 1.125002, 15.720112, -0.232191, 0.000000, 0.972670, 0.000000, 1.000000, -0.000000, -0.972670, 0.000000)
ability(2)
airDropAbility(24.384, 0.975, 13.033, "1", 154.055384, 26.551756, 1.125002, 15.696016, -0.227356, 0.000000, 0.973812, 0.000000, 1.000000, -0.000000, -0.973812, 0.000000)
ability(1)
activateAbility(19.432, 1.863, 12.999, "Airstrike")
ability(1)
activateAbility(19.433, 1.863, 8.473, "Airstrike")
upgrade(26.987, 0.975, 18.571, 39610)
upgrade(22.364, 0.975, 18.282, 10718)
upgrade(22.364, 0.975, 18.282, 13818)
ability(2)
airDropAbility(22.364, 0.975, 18.282, "1", 154.055384, 25.078352, 1.125002, 15.749654, 0.170937, 0.000000, 0.985282, 0.000000, 1.000000, -0.000000, -0.985282, 0.000000)
upgrade(22.364, 0.975, 18.282, 36834)
ability(2)
airDropAbility(24.384, 0.975, 13.033, "1", 154.055384, 25.723936, 1.125002, 15.726108, 0.066913, 0.000000, 0.997759, 0.000000, 1.000000, -0.000000, -0.997759, 0.000000)
ability(2)
airDropAbility(26.987, 0.975, 18.571, "1", 154.055384, 26.118645, 1.125002, 15.711711, 0.064598, 0.000000, 0.997911, 0.000000, 1.000000, -0.000000, -0.997911, 0.000000)
ability(1)
activateAbility(19.433, 1.863, 8.473, "Airstrike")
upgrade(19.432, 1.863, 12.999, 28164)
ability(1)
activateAbility(19.432, 1.863, 12.999, "Airstrike")
ability(1)
activateAbility(23.984, 1.863, 8.217, "Airstrike")
upgrade(19.433, 1.863, 8.473, 35391)
upgrade(23.984, 1.863, 8.217, 25871)
ability(1)
activateAbility(19.433, 1.863, 8.473, "Airstrike")
ability(2)
airDropAbility(22.364, 0.975, 18.282, "1", 154.055384, 25.431154, 1.125002, 15.736786, 0.124409, 0.000000, 0.992231, 0.000000, 1.000000, -0.000000, -0.992231, 0.000000)
upgrade(28.556, 1.863, 8.284, 30329)
upgrade(30.186, 1.863, 12.501, 26429)
ability(2)
airDropAbility(24.384, 0.975, 13.033, "1", 154.055384, 25.834568, 1.125002, 15.722073, 0.121160, 0.000000, 0.992633, 0.000000, 1.000000, -0.000000, -0.992633, 0.000000)
ability(2)
airDropAbility(26.987, 0.975, 18.571, "1", 154.055384, 25.774868, 1.125002, 15.724250, 0.121633, 0.000000, 0.992575, 0.000000, 1.000000, -0.000000, -0.992575, 0.000000)
upgrade(-14.139, 2.403, -9.061, 25264)
upgrade(-14.139, 2.403, -9.061, 24518)
upgrade(-14.139, 2.403, -9.061, 48952)
ability(3)
hologramAbility(-14.139, 2.403, -9.061, "Default", 17.779, 1.000, 18.245)
upgrade(-23.891, 2.403, -0.817, 40563)
upgrade(-23.891, 2.403, -0.817, 35596)
upgrade(-23.891, 2.403, -0.817, 50769)
upgrade(-18.210, 2.350, -1.992, 12043)
upgrade(-18.290, 2.350, -3.992, 9563)
upgrade(-18.105, 2.350, -6.021, 7063)
upgrade(-18.210, 2.350, -1.992, 11660)
upgrade(-18.290, 2.350, -3.992, 11863)
upgrade(-18.105, 2.350, -6.021, 12563)
ability(2)
airDropAbility(24.384, 0.975, 13.033, "1", 154.055384, 25.726147, 1.125002, 15.726027, -0.201742, 0.000000, 0.979439, 0.000000, 1.000000, -0.000000, -0.979439, 0.000000)
ability(2)
airDropAbility(17.779, 0.975, 18.245, "1", 154.055384, 25.726147, 1.125002, 15.726027, -0.201742, 0.000000, 0.979439, 0.000000, 1.000000, -0.000000, -0.979439, 0.000000)
ability(2)
airDropAbility(22.364, 0.975, 18.282, "1", 154.055384, 25.706026, 1.125002, 15.726761, -0.202070, 0.000000, 0.979371, 0.000000, 1.000000, -0.000000, -0.979371, 0.000000)
ability(2)
airDropAbility(26.987, 0.975, 18.571, "1", 154.055384, 25.701004, 1.125002, 15.726944, -0.202152, 0.000000, 0.979354, 0.000000, 1.000000, -0.000000, -0.979354, 0.000000)
ability(3)
hologramAbility(-23.891, 2.403, -0.817, "Default", 13.257, 1.000, 18.296)
ability(3)
hologramAbility(-14.139, 2.403, -9.061, "Default", 13.412, 1.000, 13.735)
ability(3)
hologramAbility(-14.139, 2.403, -9.061, "Default", 11.925, 1.000, 9.228)
ability(2)
airDropAbility(13.257, 0.975, 18.296, "1", 154.055384, 25.404398, 1.125002, 15.737761, 0.034474, 0.000000, 0.999406, 0.000000, 1.000000, -0.000000, -0.999406, 0.000000)
ability(2)
ability(2)
ability(2)
ability(2)
ability(3)
hologramAbility(-14.139, 2.403, -9.061, "Default", 11.392, 1.000, 9.305)
ability(2)
ability(2)
airDropAbility(17.779, 0.975, 18.245, "1", 154.055384, 26.109009, 1.125002, 15.712062, 0.031472, 0.000000, 0.999505, 0.000000, 1.000000, -0.000000, -0.999505, 0.000000)
ability(2)
airDropAbility(24.384, 0.975, 13.033, "1", 154.055384, 26.036676, 1.125002, 15.714701, 0.031768, 0.000000, 0.999495, 0.000000, 1.000000, -0.000000, -0.999495, 0.000000)
ability(2)
ability(2)
airDropAbility(22.364, 0.975, 18.282, "1", 154.055384, 25.958384, 1.125002, 15.717556, 0.032092, 0.000000, 0.999485, 0.000000, 1.000000, -0.000000, -0.999485, 0.000000)
airDropAbility(22.364, 0.975, 18.282, "1", 154.055384, 25.911097, 1.125002, 15.719281, 0.032289, 0.000000, 0.999479, 0.000000, 1.000000, -0.000000, -0.999479, 0.000000)
ability(2)
airDropAbility(26.987, 0.975, 18.571, "1", 154.055384, 25.911097, 1.125002, 15.719281, 0.032289, 0.000000, 0.999479, 0.000000, 1.000000, -0.000000, -0.999479, 0.000000)
switchUnit(26.987, 0.975, 18.571, "Unit 1", "Riot Guard")
switchUnit(26.987, 0.975, 18.571, "Unit 2", "Riot Guard")
switchUnit(26.987, 0.975, 18.571, "Unit 3", "Riot Guard")
switchUnit(22.364, 0.975, 18.282, "Unit 1", "Riot Guard")
switchUnit(22.364, 0.975, 18.282, "Unit 2", "Riot Guard")
switchUnit(22.364, 0.975, 18.282, "Unit 3", "Riot Guard")
switchUnit(24.384, 0.975, 13.033, "Unit 1", "Riot Guard")
switchUnit(24.384, 0.975, 13.033, "Unit 2", "Riot Guard")
switchUnit(24.384, 0.975, 13.033, "Unit 3", "Riot Guard")
switchUnit(13.257, 0.975, 18.296, "Unit 1", "Riot Guard")
switchUnit(13.257, 0.975, 18.296, "Unit 2", "Riot Guard")
switchUnit(13.257, 0.975, 18.296, "Unit 3", "Riot Guard")
switchUnit(11.392, 0.975, 9.305, "Unit 1", "Riot Guard")
switchUnit(11.392, 0.975, 9.305, "Unit 2", "Riot Guard")
switchUnit(11.392, 0.975, 9.305, "Unit 3", "Riot Guard")
ability(3)
hologramAbility(-23.891, 2.403, -0.817, "Default", 17.848, 1.000, 18.485)
ability(2)
airDropAbility(11.392, 0.975, 9.305, "1", 53.780252, 2.946969, 1.125002, -7.236159, -0.837536, 0.000000, 0.546382, 0.000000, 1.000000, -0.000000, -0.546382, 0.000000)
ability(2)
airDropAbility(17.848, 0.975, 18.485, "1", 53.780252, 2.952933, 1.125002, -7.286520, -0.838122, 0.000000, 0.545483, 0.000000, 1.000000, -0.000000, -0.545483, 0.000000)
ability(2)
ability(2)
airDropAbility(13.257, 0.975, 18.296, "1", 53.780252, 2.947735, 1.125002, -7.242630, -0.837612, 0.000000, 0.546266, 0.000000, 1.000000, -0.000000, -0.546266, 0.000000)
ability(2)
ability(3)
hologramAbility(-14.139, 2.403, -9.061, "Default", 13.272, 1.000, 13.547)
ability(3)
hologramAbility(-14.139, 2.403, -9.061, "Default", 13.543, 1.000, 13.543)
switchUnit(13.543, 0.975, 13.543, "Unit 1", "Riot Guard")
switchUnit(13.543, 0.975, 13.543, "Unit 2", "Riot Guard")
switchUnit(13.543, 0.975, 13.543, "Unit 3", "Riot Guard")
ability(3)
hologramAbility(-23.891, 2.403, -0.817, "Default", 13.357, 1.000, 18.126)
ability(3)
switchUnit(13.357, 0.975, 18.126, "Unit 1", "Riot Guard")
switchUnit(13.357, 0.975, 18.126, "Unit 2", "Riot Guard")
switchUnit(13.357, 0.975, 18.126, "Unit 3", "Riot Guard")
ability(2)
airDropAbility(13.543, 0.975, 13.543, "1", 44.565684, -5.795108, 1.125002, -6.339890, -0.984597, 0.000000, -0.174838, 0.000000, 1.000000, -0.000000, 0.174838, -0.000000)
ability(2)
airDropAbility(24.384, 0.975, 13.033, "1", 44.565684, -5.795108, 1.125002, -6.339890, -0.984597, 0.000000, -0.174838, 0.000000, 1.000000, -0.000000, 0.174838, -0.000000)
ability(2)
airDropAbility(22.364, 0.975, 18.282, "1", 44.565684, -5.795108, 1.125002, -6.339890, -0.984597, 0.000000, -0.174838, 0.000000, 1.000000, -0.000000, 0.174838, -0.000000)
ability(2)
airDropAbility(26.987, 0.975, 18.571, "1", 44.565684, -5.795108, 1.125002, -6.339890, -0.984597, 0.000000, -0.174838, 0.000000, 1.000000, -0.000000, 0.174838, -0.000000)
ability(2)
ability(1)
ability(1)
ability(1)
activateAbility(19.433, 1.863, 8.473, "Airstrike")
ability(1)
ability(1)
activateAbility(19.432, 1.863, 12.999, "Airstrike")
activateAbility(23.984, 1.863, 8.217, "Airstrike")
ability(1)
ability(1)
activateAbility(28.556, 1.863, 8.284, "Airstrike")
ability(1)
activateAbility(28.556, 1.863, 8.284, "Airstrike")
ability(1)
activateAbility(30.186, 1.863, 12.501, "Airstrike")
ability(1)
activateAbility(30.186, 1.863, 12.501, "Airstrike")
ability(1)
ability(2)
airDropAbility(13.357, 0.975, 18.126, "1", 44.565684, -5.682042, 1.125002, -6.339890, -0.985720, 0.000000, -0.168395, 0.000000, 1.000000, -0.000000, 0.168395, -0.000000)
ability(3)
hologramAbility(-14.139, 2.403, -9.061, "Default", 11.022, 1.000, 9.752)
switchUnit(17.848, 0.975, 18.485, "Unit 1", "Riot Guard")
switchUnit(17.848, 0.975, 18.485, "Unit 2", "Riot Guard")
switchUnit(17.848, 0.975, 18.485, "Unit 3", "Riot Guard")
switchUnit(11.022, 0.975, 9.752, "Unit 1", "Riot Guard")
switchUnit(11.022, 0.975, 9.752, "Unit 2", "Riot Guard")
switchUnit(11.022, 0.975, 9.752, "Unit 3", "Riot Guard")
ability(2)
airDropAbility(17.848, 0.975, 18.485, "1", 103.396773, 1.034535, 1.125002, -0.339890, -0.823670, 0.000000, -0.567070, 0.000000, 1.000000, -0.000000, 0.567070, -0.000000)
ability(2)
airDropAbility(11.022, 0.975, 9.752, "1", 103.396773, 0.870689, 1.125002, -0.339890, -0.818220, 0.000000, -0.574905, 0.000000, 1.000000, -0.000000, 0.574905, -0.000000)
hologramAbility(-23.891, 2.403, -0.817, "Default", 17.729, 1.000, 19.477)
ability(1)
activateAbility(19.433, 1.863, 8.473, "Airstrike")
ability(1)
activateAbility(19.432, 1.863, 12.999, "Airstrike")
ability(1)
activateAbility(23.984, 1.863, 8.217, "Airstrike")
ability(1)
ability(1)
activateAbility(28.556, 1.863, 8.284, "Airstrike")
ability(1)
activateAbility(30.186, 1.863, 12.501, "Airstrike")
switchUnit(17.729, 0.975, 19.477, "Unit 1", "Riot Guard")
switchUnit(17.729, 0.975, 19.477, "Unit 2", "Riot Guard")
switchUnit(17.729, 0.975, 19.477, "Unit 3", "Riot Guard")
ability(2)
ability(2)
airDropAbility(17.729, 0.975, 19.477, "1", 124.735932, 1.645314, 1.125002, 6.598926, -0.883607, 0.000000, -0.468230, 0.000000, 1.000000, -0.000000, 0.468230, -0.000000)
ability(2)
airDropAbility(13.543, 0.975, 13.543, "1", 146.231509, 18.514982, 1.125002, 15.265162, -0.999055, 0.000000, -0.043467, 0.000000, 1.000000, -0.000000, 0.043467, -0.000000)
ability(2)
airDropAbility(24.384, 0.975, 13.033, "1", 146.231509, 18.659828, 1.125002, 15.336740, -0.999762, 0.000000, -0.021809, 0.000000, 1.000000, -0.000000, 0.021809, -0.000000)
ability(2)
airDropAbility(22.364, 0.975, 18.282, "1", 146.231509, 18.645468, 1.125002, 15.329643, -0.999712, 0.000000, -0.023979, 0.000000, 1.000000, -0.000000, 0.023979, -0.000000)
ability(2)
airDropAbility(26.987, 0.975, 18.571, "1", 146.231509, 18.631252, 1.125002, 15.322618, -0.999659, 0.000000, -0.026123, 0.000000, 1.000000, -0.000000, 0.026123, -0.000000)
ability(2)
ability(2)
airDropAbility(13.357, 0.975, 18.126, "1", 146.231509, 18.602598, 1.125002, 15.308458, -0.999537, 0.000000, -0.030428, 0.000000, 1.000000, -0.000000, 0.030428, -0.000000)
ability(3)
hologramAbility(-14.139, 2.403, -9.061, "Default", 21.008, 1.000, 22.789)
