place(-11.049, 1.000, -12.968, "Shotgunner", 600)
place(-8.995, 1.000, -13.040, "Shotgunner", 300)
place(-6.987, 1.000, -13.001, "Shotgunner", 460)
place(-4.869, 1.000, -13.015, "Shotgunner", 737)
place(-2.801, 1.000, -13.066, "Shotgunner", 453)
place(-0.765, 1.000, -13.004, "Shotgunner", 647)
place(1.270, 1.000, -13.026, "Shotgunner", 522)
task.wait(1)
upgrade(1.270, 2.350, -13.026, 222)
upgrade(-0.765, 2.350, -13.004, 162)
upgrade(-2.801, 2.350, -13.066, 546)
upgrade(-4.869, 2.350, -13.015, 396)
upgrade(-6.987, 2.350, -13.001, 450)
upgrade(-8.995, 2.350, -13.040, 300)
upgrade(-11.049, 2.350, -12.968, 150)
place(1.909, 1.000, -14.974, "Shotgunner", 1118)
task.wait(1)
upgrade(1.909, 2.350, -14.974, 818)
place(-0.193, 1.000, -14.982, "Shotgunner", 668)
task.wait(1)
upgrade(-0.193, 2.350, -14.982, 368)
place(-2.203, 1.000, -15.009, "Shotgunner", 298)
place(-2.219, 1.000, -14.993, "Shotgunner", 535)
task.wait(1)
upgrade(-2.219, 2.350, -14.993, 238)
place(-4.300, 1.000, -14.985, "Shotgunner", 903)
task.wait(1)
upgrade(-4.300, 2.350, -14.985, 863)
place(-6.420, 1.000, -15.009, "Shotgunner", 715)
task.wait(1)
upgrade(-6.420, 2.350, -15.009, 415)
place(-8.508, 1.000, -15.018, "Shotgunner", 265)
place(-8.440, 1.000, -14.988, "Shotgunner", 281)
place(-8.440, 1.000, -14.988, "Shotgunner", 297)
place(-8.440, 1.000, -14.988, "Shotgunner", 313)
task.wait(1)
upgrade(-8.440, 2.350, -14.988, 561)
place(-10.578, 1.000, -14.933, "Shotgunner", 411)
task.wait(1)
upgrade(-10.578, 2.350, -14.933, 1115)
place(2.000, 1.000, -17.015, "Shotgunner", 981)
task.wait(1)
upgrade(2.000, 2.350, -17.015, 681)
place(-0.058, 1.000, -17.102, "Shotgunner", 611)
task.wait(1)
upgrade(-0.058, 2.350, -17.102, 391)
place(-2.086, 1.000, -17.043, "Shotgunner", 401)
place(-4.143, 1.000, -17.018, "Shotgunner", 341)
task.wait(1)
upgrade(-2.086, 2.350, -17.043, 261)
upgrade(-4.143, 2.350, -17.018, 291)
place(-6.155, 1.000, -17.027, "Shotgunner", 1265)
task.wait(1)
upgrade(-6.155, 2.350, -17.027, 965)
place(-8.203, 1.000, -16.991, "Shotgunner", 815)
task.wait(1)
upgrade(-8.203, 2.350, -16.991, 515)
place(-10.248, 1.000, -16.967, "Shotgunner", 413)
task.wait(1)
upgrade(-10.248, 2.350, -16.967, 225)
place(-11.075, 1.000, -9.035, "Electroshocker", 1710)
task.wait(1)
upgrade(-11.075, 2.350, -9.035, 991)
upgrade(-11.075, 2.350, -9.035, 772)
upgrade(-11.049, 2.350, -12.968, 2523)
upgrade(-8.995, 2.350, -13.040, 1573)
upgrade(-6.987, 2.350, -13.001, 1103)
upgrade(-4.869, 2.350, -13.015, 953)
upgrade(-2.801, 2.350, -13.066, 1029)
upgrade(-0.765, 2.350, -13.004, 1044)
upgrade(-11.075, 2.350, -9.035, 2360)
place(-5.863, 1.000, -7.997, "Shotgunner", 1946)
sell(-5.863, 2.350, -7.997)
place(-5.986, 1.000, -7.997, "Electroshocker", 2046)
task.wait(1)
upgrade(-5.986, 2.350, -7.997, 1421)
upgrade(-5.986, 2.350, -7.997, 2298)
upgrade(-5.986, 2.350, -7.997, 2168)
upgrade(1.270, 2.350, -13.026, 1119)
upgrade(1.909, 2.350, -14.974, 1018)
upgrade(-0.193, 2.350, -14.982, 1620)
upgrade(-2.219, 2.350, -14.993, 1170)
upgrade(-4.300, 2.350, -14.985, 1126)
upgrade(-6.420, 2.350, -15.009, 1376)
place(-2.970, 1.000, -7.940, "Rocketeer", 4957)
task.wait(1)
upgrade(-2.970, 2.350, -7.940, 5257)
upgrade(-2.970, 2.350, -7.940, 5007)
place(-5.965, 1.000, -4.996, "Rocketeer", 4257)
task.wait(1)
upgrade(-5.965, 2.350, -4.996, 3747)
upgrade(-5.965, 2.350, -4.996, 3507)
place(-2.935, 1.000, -4.917, "Rocketeer", 4160)
task.wait(1)
upgrade(-2.935, 2.350, -4.917, 2660)
upgrade(-2.935, 2.350, -4.917, 2410)
place(-5.994, 1.000, -1.995, "Rocketeer", 2010)
task.wait(1)
upgrade(-5.994, 2.350, -1.995, 810)
upgrade(-5.994, 2.350, -1.995, 3089)
upgrade(-11.075, 2.350, -9.035, 5280)
upgrade(-5.986, 2.350, -7.997, 5283)
place(10.978, 4.502, -6.001, "Ranger", 4516)
task.wait(1)
upgrade(10.978, 5.852, -6.001, 2126)
upgrade(10.978, 5.852, -6.001, 5506)
place(7.971, 4.502, -5.991, "Ranger", 5076)
task.wait(1)
upgrade(7.971, 5.852, -5.991, 3110)
upgrade(7.971, 5.852, -5.991, 4760)
place(10.974, 4.502, -2.999, "Ranger", 6346)
task.wait(1)
upgrade(10.974, 5.852, -2.999, 1846)
upgrade(10.974, 5.852, -2.999, 4596)
place(-2.941, 1.000, -1.857, "Rocketeer", 2807)
task.wait(1)
upgrade(-2.941, 2.350, -1.857, 1307)
upgrade(-2.941, 2.350, -1.857, 2107)
place(-2.898, 1.000, 1.156, "Rocketeer", 2807)
task.wait(1)
upgrade(-2.898, 2.350, 1.156, 1307)
upgrade(-2.898, 2.350, 1.156, 1807)
place(-5.942, 1.000, 1.047, "Rocketeer", 2804)
task.wait(1)
upgrade(-5.942, 2.350, 1.047, 1304)
upgrade(-5.942, 2.350, 1.047, 1804)
place(-8.657, 1.000, -3.588, "Rocketeer", 5068)
task.wait(1)
upgrade(-8.657, 2.350, -3.588, 5568)
upgrade(-8.657, 2.350, -3.588, 5318)
upgrade(-11.049, 2.350, -12.968, 10868)
upgrade(-8.995, 2.350, -13.040, 8718)
upgrade(-6.987, 2.350, -13.001, 6218)
upgrade(-4.869, 2.350, -13.015, 4768)
upgrade(-2.801, 2.350, -13.066, 2618)
upgrade(-0.765, 2.350, -13.004, 4409)
upgrade(1.270, 2.350, -13.026, 3759)
upgrade(1.909, 2.350, -14.974, 3264)
upgrade(-0.193, 2.350, -14.982, 2799)
upgrade(-2.219, 2.350, -14.993, 4466)
upgrade(-4.300, 2.350, -14.985, 2832)
upgrade(-6.420, 2.350, -15.009, 3160)
place(0.076, 1.000, -7.951, "Commander", 8414)
task.wait(1)
upgrade(0.076, 2.700, -7.951, 8314)
upgrade(0.076, 2.700, -7.951, 8014)
place(0.152, 1.000, -4.897, "Commander", 9758)
task.wait(1)
upgrade(0.152, 2.700, -4.897, 8908)
upgrade(0.152, 2.700, -4.897, 8610)
place(3.103, 1.000, -7.901, "Commander", 8108)
task.wait(1)
upgrade(3.103, 2.700, -7.901, 9258)
upgrade(3.103, 2.700, -7.901, 8958)
ability(1)
activateAbility(0.152, 2.700, -4.897, "Call Of Arms")
