voteModifiers({ExplodingEnemies = true})
place(1.912, 1.000, -17.971, "Shotgunner", 660)
place(-0.101, 1.000, -17.948, "Shotgunner", 360)
place(-2.108, 1.000, -17.913, "Shotgunner", 415)
place(-4.115, 1.000, -17.951, "Shotgunner", 305)
place(-6.166, 1.000, -17.962, "Shotgunner", 545)
task.wait(1)
upgrade(1.912, 2.350, -17.971, 261)
upgrade(-0.101, 2.350, -17.948, 811)
upgrade(-2.108, 2.350, -17.913, 661)
upgrade(-4.115, 2.350, -17.951, 511)
upgrade(-6.166, 2.350, -17.962, 361)
upgrade(1.912, 2.350, -17.971, 1074)
upgrade(-0.101, 2.350, -17.948, 1040)
upgrade(-2.108, 2.350, -17.913, 1528)
upgrade(-4.115, 2.350, -17.951, 1317)
upgrade(-6.166, 2.350, -17.962, 1133)
place(-8.174, 1.000, -17.984, "Shotgunner", 489)
task.wait(1)
upgrade(-8.174, 2.350, -17.984, 269)
upgrade(-8.174, 2.350, -17.984, 999)
place(2.000, 1.000, -15.924, "Shotgunner", 1229)
task.wait(1)
upgrade(2.000, 2.350, -15.924, 1009)
upgrade(2.000, 2.350, -15.924, 1019)
place(-0.011, 1.000, -15.832, "Shotgunner", 1192)
task.wait(1)
upgrade(-0.011, 2.350, -15.832, 1260)
upgrade(-0.011, 2.350, -15.832, 1110)
place(-2.049, 1.000, -15.861, "Shotgunner", 696)
task.wait(1)
upgrade(-2.049, 2.350, -15.861, 476)
upgrade(-2.049, 2.350, -15.861, 1861)
place(-4.056, 1.000, -15.876, "Shotgunner", 1310)
task.wait(1)
upgrade(-4.056, 2.350, -15.876, 1010)
upgrade(-4.056, 2.350, -15.876, 1340)
place(-6.082, 1.000, -15.905, "Shotgunner", 710)
task.wait(1)
upgrade(-6.082, 2.350, -15.905, 516)
upgrade(-6.082, 2.350, -15.905, 1924)
place(-8.122, 1.000, -15.934, "Shotgunner", 1405)
task.wait(1)
upgrade(-8.122, 2.350, -15.934, 1105)
upgrade(-8.122, 2.350, -15.934, 955)
place(1.967, 1.000, -13.860, "Shotgunner", 1276)
task.wait(1)
upgrade(1.967, 2.350, -13.860, 985)
upgrade(1.967, 2.350, -13.860, 1992)
place(-0.053, 1.000, -13.786, "Shotgunner", 1504)
task.wait(1)
upgrade(-0.053, 2.350, -13.786, 1204)
upgrade(-0.053, 2.350, -13.786, 1054)
place(-2.060, 1.000, -13.826, "Shotgunner", 1010)
task.wait(1)
upgrade(-2.060, 2.350, -13.826, 790)
upgrade(-2.060, 2.350, -13.826, 1240)
place(-4.061, 1.000, -13.815, "Shotgunner", 635)
task.wait(1)
upgrade(-4.061, 2.350, -13.815, 390)
upgrade(-4.061, 2.350, -13.815, 1475)
place(-6.129, 1.000, -13.816, "Shotgunner", 1019)
task.wait(1)
upgrade(-6.129, 2.350, -13.816, 719)
upgrade(-6.129, 2.350, -13.816, 1169)
place(-8.129, 1.000, -13.908, "Shotgunner", 669)
task.wait(1)
upgrade(-8.129, 2.350, -13.908, 1119)
place(-10.619, 1.000, -13.559, "Electroshocker", 3190)
task.wait(1)
upgrade(-10.619, 2.350, -13.559, 2651)
upgrade(-10.619, 2.350, -13.559, 2503)
upgrade(-10.619, 2.350, -13.559, 2231)
upgrade(-10.619, 2.350, -13.559, 5308)
place(-5.838, 1.000, -7.834, "Electroshocker", 1508)
task.wait(1)
upgrade(-5.838, 2.350, -7.834, 1737)
upgrade(-5.838, 2.350, -7.834, 1883)
upgrade(-5.838, 2.350, -7.834, 2283)
upgrade(-5.838, 2.350, -7.834, 5045)
upgrade(-8.174, 2.350, -17.984, 4219)
upgrade(-6.166, 2.350, -17.962, 2769)
upgrade(-4.115, 2.350, -17.951, 2519)
upgrade(-2.108, 2.350, -17.913, 2517)
upgrade(-0.101, 2.350, -17.948, 2970)
upgrade(1.912, 2.350, -17.971, 4618)
upgrade(-8.122, 2.350, -15.934, 3307)
upgrade(-6.082, 2.350, -15.905, 2787)
upgrade(-4.056, 2.350, -15.876, 4080)
upgrade(-2.049, 2.350, -15.861, 3246)
upgrade(-0.011, 2.350, -15.832, 4650)
upgrade(2.000, 2.350, -15.924, 4150)
upgrade(-8.129, 2.350, -13.908, 3523)
upgrade(-8.129, 2.350, -13.908, 3322)
upgrade(-6.129, 2.350, -13.816, 3722)
upgrade(-4.061, 2.350, -13.815, 4301)
upgrade(-2.060, 2.350, -13.826, 2856)
upgrade(-0.053, 2.350, -13.786, 3155)
upgrade(1.967, 2.350, -13.860, 4522)
place(-10.965, 1.000, -16.595, "Electroshocker", 2835)
task.wait(1)
upgrade(-10.965, 2.350, -16.595, 2776)
upgrade(-10.965, 2.350, -16.595, 2510)
upgrade(-10.965, 2.350, -16.595, 2260)
upgrade(-10.965, 2.350, -16.595, 5210)
upgrade(-10.965, 2.350, -16.595, 15299)
upgrade(-10.619, 2.350, -13.559, 15213)
upgrade(-5.838, 2.350, -7.834, 15833)
sell(1.967, 2.350, -13.860)
sell(-0.053, 2.350, -13.786)
sell(-2.060, 2.350, -13.826)
sell(-4.061, 2.350, -13.815)
sell(-6.129, 2.350, -13.816)
sell(-8.129, 2.350, -13.908)
sell(-10.619, 2.350, -13.559)
sell(-6.082, 2.350, -15.905)
sell(-2.049, 2.350, -15.861)
sell(-0.011, 2.350, -15.832)
sell(2.000, 2.350, -15.924)
sell(1.912, 2.350, -17.971)
sell(-0.101, 2.350, -17.948)
sell(-2.108, 2.350, -17.913)
sell(-4.115, 2.350, -17.951)
sell(-4.056, 2.350, -15.876)
sell(-6.166, 2.350, -17.962)
sell(-8.174, 2.350, -17.984)
sell(-8.122, 2.350, -15.934)
sell(-10.965, 2.350, -16.595)
sell(-5.838, 2.350, -7.834)
