place(59.330, 148.605, 87.275, "Shotgunner", 300)
place(57.295, 148.605, 87.247, "Shotgunner", 300)
place(55.249, 148.605, 87.248, "Shotgunner", 300)
place(53.195, 148.605, 87.191, "Shotgunner", 300)
place(66.034, 148.605, 88.954, "Shotgunner", 300)
place(66.038, 148.605, 90.978, "Shotgunner", 300)
place(66.034, 148.605, 92.983, "Shotgunner", 300)
place(66.035, 148.605, 94.985, "Shotgunner", 300)
place(66.060, 148.605, 97.010, "Shotgunner", 300)
place(66.050, 148.605, 99.015, "Shotgunner", 300)
place(53.839, 148.605, 93.857, "Shotgunner", 300)
place(53.940, 148.605, 95.895, "Shotgunner", 300)
place(53.976, 148.605, 97.935, "Shotgunner", 300)
place(51.804, 148.605, 93.351, "Shotgunner", 300)
place(51.932, 148.605, 95.364, "Shotgunner", 300)
place(51.992, 148.605, 97.406, "Shotgunner", 300)
place(53.046, 148.605, 85.152, "Shotgunner", 300)
place(55.101, 148.605, 85.247, "Shotgunner", 300)
place(49.714, 148.605, 93.348, "Shotgunner", 300)
place(49.862, 148.605, 95.369, "Shotgunner", 300)
place(57.578, 148.605, 84.687, "Commander", 850)
task.wait(1)
upgrade(57.578, 150.305, 84.687, 300)
upgrade(57.578, 150.305, 84.687, 2500)
place(63.208, 148.605, 85.273, "Electroshocker", 725)
task.wait(1)
upgrade(63.208, 149.955, 85.273, 150)
upgrade(63.208, 149.955, 85.273, 950)
upgrade(59.330, 149.955, 87.275, 150)
upgrade(59.330, 149.955, 87.275, 950)
upgrade(57.295, 149.955, 87.247, 150)
upgrade(57.295, 149.955, 87.247, 950)
upgrade(55.249, 149.955, 87.248, 150)
upgrade(55.249, 149.955, 87.248, 950)
upgrade(53.195, 149.955, 87.191, 150)
upgrade(53.195, 149.955, 87.191, 950)
upgrade(55.101, 149.955, 85.247, 150)
upgrade(55.101, 149.955, 85.247, 950)
upgrade(53.046, 149.955, 85.152, 150)
upgrade(53.046, 149.955, 85.152, 950)
upgrade(66.034, 149.955, 88.954, 150)
upgrade(66.034, 149.955, 88.954, 950)
upgrade(66.038, 149.955, 90.978, 150)
upgrade(66.038, 149.955, 90.978, 950)
upgrade(66.034, 149.955, 92.983, 150)
upgrade(66.034, 149.955, 92.983, 950)
upgrade(66.035, 149.955, 94.985, 150)
upgrade(66.035, 149.955, 94.985, 950)
upgrade(66.060, 149.955, 97.010, 150)
upgrade(66.060, 149.955, 97.010, 950)
upgrade(66.050, 149.955, 99.015, 150)
upgrade(66.050, 149.955, 99.015, 950)
upgrade(53.839, 149.955, 93.857, 150)
upgrade(53.839, 149.955, 93.857, 950)
upgrade(51.804, 149.955, 93.351, 150)
upgrade(51.804, 149.955, 93.351, 950)
upgrade(49.714, 149.955, 93.348, 150)
upgrade(49.714, 149.955, 93.348, 950)
upgrade(49.862, 149.955, 95.369, 150)
upgrade(49.862, 149.955, 95.369, 950)
upgrade(51.932, 149.955, 95.364, 150)
upgrade(51.932, 149.955, 95.364, 950)
upgrade(53.940, 149.955, 95.895, 150)
upgrade(53.940, 149.955, 95.895, 950)
upgrade(53.976, 149.955, 97.935, 150)
upgrade(53.976, 149.955, 97.935, 950)
upgrade(51.992, 149.955, 97.406, 150)
upgrade(51.992, 149.955, 97.406, 950)
upgrade(53.046, 149.955, 85.152, 2500)
ability(2)
activateAbility(57.578, 150.305, 84.687, "Call Of Arms")
upgrade(53.046, 149.955, 85.152, 6500)
upgrade(55.101, 149.955, 85.247, 2500)
upgrade(55.101, 149.955, 85.247, 6500)
upgrade(53.195, 149.955, 87.191, 2500)
upgrade(53.195, 149.955, 87.191, 6500)
upgrade(55.249, 149.955, 87.248, 2500)
upgrade(55.249, 149.955, 87.248, 6500)
upgrade(57.295, 149.955, 87.247, 2500)
upgrade(57.295, 149.955, 87.247, 6500)
upgrade(59.330, 149.955, 87.275, 2500)
upgrade(59.330, 149.955, 87.275, 6500)
upgrade(66.034, 149.955, 88.954, 2500)
upgrade(66.034, 149.955, 88.954, 6500)
upgrade(66.038, 149.955, 90.978, 2500)
upgrade(66.038, 149.955, 90.978, 6500)
upgrade(66.034, 149.955, 92.983, 2500)
upgrade(66.034, 149.955, 92.983, 6500)
ability(2)
activateAbility(57.578, 150.305, 84.687, "Call Of Arms")
upgrade(66.035, 149.955, 94.985, 2500)
upgrade(66.035, 149.955, 94.985, 6500)
upgrade(66.060, 149.955, 97.010, 2500)
upgrade(66.060, 149.955, 97.010, 6500)
upgrade(66.050, 149.955, 99.015, 2500)
upgrade(66.050, 149.955, 99.015, 6500)
upgrade(53.839, 149.955, 93.857, 2500)
upgrade(53.839, 149.955, 93.857, 6500)
upgrade(51.804, 149.955, 93.351, 2500)
upgrade(51.804, 149.955, 93.351, 6500)
upgrade(51.804, 149.955, 93.351, 7470)
upgrade(53.940, 149.955, 95.895, 2500)
upgrade(53.940, 149.955, 95.895, 6500)
upgrade(51.932, 149.955, 95.364, 2500)
upgrade(51.932, 149.955, 95.364, 6500)
upgrade(53.976, 149.955, 97.935, 2500)
upgrade(53.976, 149.955, 97.935, 6500)
upgrade(51.992, 149.955, 97.406, 2500)
upgrade(51.992, 149.955, 97.406, 6500)
upgrade(49.714, 149.955, 93.348, 2500)
upgrade(49.714, 149.955, 93.348, 6500)
upgrade(49.862, 149.955, 95.369, 2500)
upgrade(49.862, 149.955, 95.369, 6500)
upgrade(57.578, 150.305, 84.687, 5500)
upgrade(57.578, 150.305, 84.687, 15000)
place(57.804, 156.685, 68.959, "Ranger", 4500)
task.wait(1)
upgrade(57.804, 158.035, 68.959, 1500)
upgrade(57.804, 158.035, 68.959, 4500)
place(54.789, 156.685, 68.994, "Ranger", 4500)
task.wait(1)
upgrade(54.789, 158.035, 68.994, 1500)
upgrade(54.789, 158.035, 68.994, 4500)
place(57.803, 156.685, 65.903, "Ranger", 4500)
task.wait(1)
upgrade(57.803, 158.035, 65.903, 1500)
upgrade(57.803, 158.035, 65.903, 4500)
place(54.791, 156.685, 65.928, "Ranger", 4500)
task.wait(1)
upgrade(54.791, 158.035, 65.928, 1500)
upgrade(54.791, 158.035, 65.928, 4500)
place(56.864, 156.685, 63.048, "Ranger", 4500)
task.wait(1)
upgrade(56.864, 158.035, 63.048, 1500)
upgrade(56.864, 158.035, 63.048, 4500)
place(53.800, 156.685, 63.092, "Ranger", 4500)
task.wait(1)
upgrade(53.800, 158.035, 63.092, 1500)
upgrade(53.800, 158.035, 63.092, 4500)
place(52.106, 156.685, 67.564, "Ranger", 4500)
task.wait(1)
upgrade(52.106, 158.035, 67.564, 1500)
upgrade(52.106, 158.035, 67.564, 4500)
place(63.060, 148.605, 82.220, "Electroshocker", 725)
task.wait(1)
upgrade(63.060, 149.955, 82.220, 300)
upgrade(63.060, 149.955, 82.220, 600)
upgrade(63.060, 149.955, 82.220, 2000)
upgrade(63.060, 149.955, 82.220, 5000)
place(49.973, 148.605, 90.294, "Electroshocker", 725)
task.wait(1)
upgrade(49.973, 149.955, 90.294, 300)
upgrade(49.973, 149.955, 90.294, 600)
upgrade(49.973, 149.955, 90.294, 2000)
upgrade(49.973, 149.955, 90.294, 5000)
place(49.944, 148.605, 87.237, "Electroshocker", 725)
task.wait(1)
upgrade(49.944, 149.955, 87.237, 300)
upgrade(49.944, 149.955, 87.237, 600)
upgrade(49.944, 149.955, 87.237, 2000)
upgrade(49.944, 149.955, 87.237, 5000)
place(59.963, 148.605, 80.096, "Accelerator", 4500)
task.wait(1)
upgrade(59.963, 149.955, 80.096, 1000)
upgrade(59.963, 149.955, 80.096, 2500)
upgrade(59.963, 149.955, 80.096, 4750)
upgrade(59.963, 149.955, 80.096, 11250)
upgrade(59.963, 149.955, 80.096, 36000)
place(56.915, 148.605, 80.116, "Accelerator", 4500)
task.wait(1)
upgrade(56.915, 149.955, 80.116, 1000)
upgrade(56.915, 149.955, 80.116, 2500)
upgrade(56.915, 149.955, 80.116, 4750)
upgrade(56.915, 149.955, 80.116, 11250)
upgrade(56.915, 149.955, 80.116, 36000)
place(53.903, 148.605, 80.143, "Accelerator", 4500)
task.wait(1)
upgrade(53.903, 149.955, 80.143, 1000)
upgrade(53.903, 149.955, 80.143, 2500)
upgrade(53.903, 149.955, 80.143, 4750)
upgrade(53.903, 149.955, 80.143, 11250)
upgrade(53.903, 149.955, 80.143, 36000)
place(50.842, 148.605, 80.085, "Accelerator", 4500)
task.wait(1)
upgrade(50.842, 149.955, 80.085, 1000)
upgrade(50.842, 149.955, 80.085, 2500)
upgrade(50.842, 149.955, 80.085, 4750)
upgrade(50.842, 149.955, 80.085, 11250)
upgrade(50.842, 149.955, 80.085, 36000)
place(60.030, 148.605, 77.020, "Accelerator", 4500)
task.wait(1)
upgrade(60.030, 149.955, 77.020, 1000)
upgrade(60.030, 149.955, 77.020, 2500)
upgrade(60.030, 149.955, 77.020, 4750)
upgrade(60.030, 149.955, 77.020, 11250)
ability(2)
activateAbility(57.578, 150.305, 84.687, "Call Of Arms")
upgrade(60.030, 149.955, 77.020, 36000)
place(56.980, 148.605, 77.034, "Accelerator", 4500)
task.wait(1)
upgrade(56.980, 149.955, 77.034, 1000)
upgrade(56.980, 149.955, 77.034, 2500)
upgrade(56.980, 149.955, 77.034, 4750)
upgrade(56.980, 149.955, 77.034, 11250)
upgrade(56.980, 149.955, 77.034, 36000)
place(53.935, 148.605, 77.079, "Accelerator", 4500)
task.wait(1)
upgrade(53.935, 149.955, 77.079, 1000)
upgrade(53.935, 149.955, 77.079, 2500)
upgrade(53.935, 149.955, 77.079, 4750)
upgrade(53.935, 149.955, 77.079, 11250)
upgrade(53.935, 149.955, 77.079, 36000)
place(50.861, 148.605, 77.021, "Accelerator", 4500)
task.wait(1)
upgrade(50.861, 149.955, 77.021, 1000)
upgrade(50.861, 149.955, 77.021, 2500)
upgrade(50.861, 149.955, 77.021, 4750)
upgrade(50.861, 149.955, 77.021, 11250)
ability(2)
activateAbility(57.578, 150.305, 84.687, "Call Of Arms")
upgrade(50.861, 149.955, 77.021, 36000)
upgrade(57.804, 158.035, 68.959, 13500)
upgrade(57.804, 158.035, 68.959, 30000)
upgrade(54.789, 158.035, 68.994, 13500)
upgrade(54.789, 158.035, 68.994, 30000)
upgrade(52.106, 158.035, 67.564, 13500)
upgrade(52.106, 158.035, 67.564, 30000)
upgrade(57.803, 158.035, 65.903, 13500)
upgrade(57.803, 158.035, 65.903, 30000)
upgrade(54.791, 158.035, 65.928, 13500)
upgrade(54.791, 158.035, 65.928, 30000)
upgrade(56.864, 158.035, 63.048, 13500)
upgrade(56.864, 158.035, 63.048, 30000)
upgrade(53.800, 158.035, 63.092, 13500)
upgrade(53.800, 158.035, 63.092, 30000)
upgrade(53.800, 158.035, 63.092, 34223)
upgrade(63.060, 149.955, 82.220, 15000)
upgrade(63.208, 149.955, 85.273, 15000)
upgrade(49.944, 149.955, 87.237, 15000)
upgrade(49.973, 149.955, 90.294, 15000)
sell(49.714, 149.955, 93.348)
sell(49.862, 149.955, 95.369)
sell(66.050, 149.955, 99.015)
place(52.540, 148.605, 74.403, "Commander", 850)
task.wait(1)
upgrade(52.540, 150.305, 74.403, 300)
upgrade(52.540, 150.305, 74.403, 2500)
upgrade(52.540, 150.305, 74.403, 5500)
upgrade(52.540, 150.305, 74.403, 15000)
place(55.608, 148.605, 74.303, "Commander", 850)
task.wait(1)
upgrade(55.608, 150.305, 74.303, 300)
upgrade(55.608, 150.305, 74.303, 2500)
upgrade(55.608, 150.305, 74.303, 5500)
upgrade(55.608, 150.305, 74.303, 15000)
place(58.674, 148.605, 74.221, "Commander", 850)
task.wait(1)
upgrade(58.674, 150.305, 74.221, 300)
upgrade(58.674, 150.305, 74.221, 2500)
upgrade(58.674, 150.305, 74.221, 5500)
upgrade(58.674, 150.305, 74.221, 15000)
ability(2)
activateAbility(57.578, 150.305, 84.687, "Call Of Arms")
ability(2)
activateAbility(57.578, 150.305, 84.687, "Call Of Arms")
ability(3)
activateAbility(57.578, 150.305, 84.687, "Support Caravan")
ability(3)
activateAbility(58.674, 150.305, 74.221, "Support Caravan")
ability(3)
activateAbility(55.608, 150.305, 74.303, "Support Caravan")
ability(3)
activateAbility(52.540, 150.305, 74.403, "Support Caravan")
ability(3)
ability(2)
activateAbility(58.674, 150.305, 74.221, "Call Of Arms")
ability(2)
activateAbility(55.608, 150.305, 74.303, "Call Of Arms")
ability(2)
activateAbility(52.540, 150.305, 74.403, "Call Of Arms")
ability(2)
activateAbility(58.674, 150.305, 74.221, "Call Of Arms")
ability(2)
activateAbility(55.608, 150.305, 74.303, "Call Of Arms")
