place(34.435, 14.738, 7.872, "Shotgunner", 720)
place(34.630, 14.738, 13.025, "Shotgunner", 420)
place(32.355, 14.738, 7.927, "Shotgunner", 410)
place(32.532, 14.738, 13.004, "Shotgunner", 622)
place(30.289, 14.738, 7.781, "Shotgunner", 322)
place(30.464, 14.738, 13.039, "Shotgunner", 593)
task.wait(1)
upgrade(34.435, 16.088, 7.872, 468)
upgrade(34.630, 16.088, 13.025, 318)
upgrade(32.355, 16.088, 7.927, 168)
upgrade(32.532, 16.088, 13.004, 748)
upgrade(30.289, 16.088, 7.781, 598)
upgrade(30.464, 16.088, 13.039, 675)
upgrade(30.464, 16.088, 13.039, 1413)
upgrade(30.289, 16.088, 7.781, 1833)
upgrade(32.355, 16.088, 7.927, 1215)
upgrade(32.532, 16.088, 13.004, 1578)
upgrade(34.435, 16.088, 7.872, 1013)
upgrade(34.630, 16.088, 13.025, 1693)
place(15.138, 14.738, 2.004, "Soldier", 1180)
task.wait(1)
upgrade(15.138, 16.088, 2.004, 830)
upgrade(15.138, 16.088, 2.004, 805)
place(15.130, 14.738, 5.064, "Soldier", 1476)
task.wait(1)
upgrade(15.130, 16.088, 5.064, 1464)
upgrade(15.130, 16.088, 5.064, 1215)
place(15.116, 14.738, 8.120, "Soldier", 595)
task.wait(1)
upgrade(15.116, 16.088, 8.120, 265)
upgrade(15.116, 16.088, 8.120, 1760)
place(15.100, 14.738, 11.174, "Soldier", 1502)
task.wait(1)
upgrade(15.100, 16.088, 11.174, 1002)
upgrade(15.100, 16.088, 11.174, 834)
place(15.100, 14.738, 14.224, "Soldier", 506)
task.wait(1)
upgrade(15.100, 16.088, 14.224, 1706)
upgrade(15.100, 16.088, 14.224, 1456)
place(12.080, 14.738, 2.044, "Soldier", 1476)
task.wait(1)
upgrade(12.080, 16.088, 2.044, 1026)
upgrade(12.080, 16.088, 2.044, 826)
place(12.112, 14.738, 5.048, "Soldier", 2064)
task.wait(1)
upgrade(12.112, 16.088, 5.048, 2199)
upgrade(12.112, 16.088, 5.048, 1961)
place(12.093, 14.738, 8.075, "Soldier", 1211)
task.wait(1)
upgrade(12.093, 16.088, 8.075, 761)
upgrade(12.093, 16.088, 8.075, 811)
place(12.083, 14.738, 11.100, "Soldier", 765)
task.wait(1)
upgrade(12.083, 16.088, 11.100, 2965)
upgrade(12.083, 16.088, 11.100, 2715)
place(12.076, 14.738, 14.124, "Soldier", 1965)
task.wait(1)
upgrade(12.076, 16.088, 14.124, 1504)
upgrade(12.076, 16.088, 14.124, 1277)
place(9.441, 14.738, 3.585, "Soldier", 713)
task.wait(1)
upgrade(9.441, 16.088, 3.585, 259)
upgrade(9.441, 16.088, 3.585, 2627)
place(9.447, 14.738, 6.587, "Soldier", 1857)
task.wait(1)
upgrade(9.447, 16.088, 6.587, 1557)
upgrade(9.447, 16.088, 6.587, 1332)
place(9.424, 14.738, 9.613, "Soldier", 777)
task.wait(1)
upgrade(9.424, 16.088, 9.613, 397)
upgrade(9.424, 16.088, 9.613, 807)
place(9.393, 14.738, 12.624, "Soldier", 2901)
task.wait(1)
upgrade(9.393, 16.088, 12.624, 3206)
upgrade(9.393, 16.088, 12.624, 2956)
upgrade(15.138, 16.088, 2.004, 6384)
upgrade(15.130, 16.088, 5.064, 6453)
upgrade(15.116, 16.088, 8.120, 6542)
upgrade(15.100, 16.088, 11.174, 5910)
upgrade(15.100, 16.088, 14.224, 7472)
upgrade(12.080, 16.088, 2.044, 6069)
upgrade(12.112, 16.088, 5.048, 5329)
upgrade(12.093, 16.088, 8.075, 8112)
upgrade(12.083, 16.088, 11.100, 8333)
upgrade(12.076, 16.088, 14.124, 2764)
upgrade(9.447, 16.088, 6.587, 8087)
upgrade(9.424, 16.088, 9.613, 6317)
upgrade(9.393, 16.088, 12.624, 8067)
upgrade(15.138, 16.088, 2.004, 14817)
