place(15.720, 1.000, 15.241, "Shotgunner", 600)
place(20.845, 1.000, 15.079, "Shotgunner", 300)
place(15.749, 1.000, 13.197, "Shotgunner", 300)
place(20.819, 1.000, 13.068, "Shotgunner", 375)
place(15.785, 1.000, 11.128, "Shotgunner", 747)
place(20.802, 1.000, 10.986, "Shotgunner", 627)
task.wait(1)
upgrade(20.845, 2.350, 15.079, 336)
upgrade(15.720, 2.350, 15.241, 187)
upgrade(20.819, 2.350, 13.068, 738)
upgrade(15.749, 2.350, 13.197, 588)
upgrade(20.802, 2.350, 10.986, 665)
upgrade(15.785, 2.350, 11.128, 515)
upgrade(20.845, 2.350, 15.079, 1575)
upgrade(15.720, 2.350, 15.241, 1706)
upgrade(20.819, 2.350, 13.068, 1088)
upgrade(15.749, 2.350, 13.197, 1438)
upgrade(20.802, 2.350, 10.986, 958)
upgrade(15.785, 2.350, 11.128, 1316)
place(8.886, 1.000, -7.606, "Militant", 776)
task.wait(1)
upgrade(8.886, 2.350, -7.606, 1476)
upgrade(8.886, 2.350, -7.606, 1765)
upgrade(8.886, 2.350, -7.606, 2921)
place(8.890, 1.000, -4.579, "Militant", 743)
task.wait(1)
upgrade(8.890, 2.350, -4.579, 213)
upgrade(8.890, 2.350, -4.579, 2908)
upgrade(8.890, 2.350, -4.579, 2797)
place(8.878, 1.000, -1.515, "Militant", 2047)
task.wait(1)
upgrade(8.878, 2.350, -1.515, 1994)
upgrade(8.878, 2.350, -1.515, 1794)
upgrade(8.878, 2.350, -1.515, 4120)
place(8.912, 1.000, 1.513, "Militant", 2070)
task.wait(1)
upgrade(8.912, 2.350, 1.513, 1370)
upgrade(8.912, 2.350, 1.513, 1174)
upgrade(8.912, 2.350, 1.513, 3530)
place(8.971, 1.000, 4.581, "Militant", 930)
task.wait(1)
upgrade(8.971, 2.350, 4.581, 230)
upgrade(8.971, 2.350, 4.581, 922)
upgrade(8.971, 2.350, 4.581, 2843)
place(11.907, 1.000, -7.638, "Militant", 898)
task.wait(1)
upgrade(11.907, 2.350, -7.638, 208)
upgrade(11.907, 2.350, -7.638, 3408)
upgrade(11.907, 2.350, -7.638, 2898)
place(11.938, 1.000, -4.612, "Militant", 747)
task.wait(1)
upgrade(11.938, 2.350, -4.612, 817)
upgrade(11.938, 2.350, -4.612, 1007)
upgrade(11.938, 2.350, -4.612, 3163)
place(11.932, 1.000, -1.587, "Militant", 723)
task.wait(1)
upgrade(11.932, 2.350, -1.587, 273)
upgrade(11.932, 2.350, -1.587, 1593)
upgrade(11.932, 2.350, -1.587, 6036)
place(11.957, 1.000, 1.414, "Militant", 4047)
task.wait(1)
upgrade(11.957, 2.350, 1.414, 3348)
upgrade(11.957, 2.350, 1.414, 3299)
upgrade(11.957, 2.350, 1.414, 2902)
place(11.992, 1.000, 4.473, "Militant", 1675)
task.wait(1)
upgrade(11.992, 2.350, 4.473, 975)
upgrade(11.992, 2.350, 4.473, 1075)
upgrade(11.992, 2.350, 4.473, 5169)
place(14.959, 1.000, -7.779, "Militant", 3019)
task.wait(1)
upgrade(14.959, 2.350, -7.779, 2319)
upgrade(14.959, 2.350, -7.779, 2367)
upgrade(14.959, 2.350, -7.779, 3519)
place(14.967, 1.000, -4.745, "Militant", 2567)
task.wait(1)
upgrade(14.967, 2.350, -4.745, 2392)
upgrade(14.967, 2.350, -4.745, 2193)
upgrade(14.967, 2.350, -4.745, 4517)
place(15.007, 1.000, -1.718, "Militant", 1767)
task.wait(1)
upgrade(15.007, 2.350, -1.718, 1067)
upgrade(15.007, 2.350, -1.718, 1667)
upgrade(15.007, 2.350, -1.718, 3217)
place(15.013, 1.000, 1.323, "Militant", 1561)
task.wait(1)
upgrade(15.013, 2.350, 1.323, 1167)
upgrade(15.013, 2.350, 1.323, 992)
upgrade(15.013, 2.350, 1.323, 9575)
place(15.022, 1.000, 4.382, "Militant", 7221)
task.wait(1)
upgrade(15.022, 2.350, 4.382, 6719)
upgrade(15.022, 2.350, 4.382, 6625)
upgrade(15.022, 2.350, 4.382, 5817)
place(3.821, 1.000, 4.791, "Militant", 3813)
task.wait(1)
upgrade(3.821, 2.350, 4.791, 3113)
upgrade(3.821, 2.350, 4.791, 2913)
upgrade(3.821, 2.350, 4.791, 2813)
place(3.775, 1.000, 1.692, "Militant", 2411)
task.wait(1)
upgrade(3.775, 2.350, 1.692, 1713)
upgrade(3.775, 2.350, 1.692, 1513)
upgrade(3.775, 2.350, 1.692, 9313)
place(3.767, 1.000, -1.323, "Militant", 7262)
task.wait(1)
upgrade(3.767, 2.350, -1.323, 6712)
upgrade(3.767, 2.350, -1.323, 6512)
upgrade(3.767, 2.350, -1.323, 5761)
place(3.831, 1.000, -4.382, "Militant", 3012)
task.wait(1)
upgrade(3.831, 2.350, -4.382, 2362)
upgrade(3.831, 2.350, -4.382, 2854)
upgrade(3.831, 2.350, -4.382, 3106)
place(3.861, 1.000, -7.443, "Militant", 2912)
task.wait(1)
upgrade(3.861, 2.350, -7.443, 2230)
upgrade(3.861, 2.350, -7.443, 2162)
upgrade(3.861, 2.350, -7.443, 3261)
place(8.868, 1.000, 7.620, "Militant", 13855)
task.wait(1)
upgrade(8.868, 2.350, 7.620, 13544)
upgrade(8.868, 2.350, 7.620, 13351)
upgrade(8.868, 2.350, 7.620, 12716)
place(11.916, 1.000, 7.500, "Militant", 10793)
task.wait(1)
upgrade(11.916, 2.350, 7.500, 10093)
upgrade(11.916, 2.350, 7.500, 9938)
upgrade(11.916, 2.350, 7.500, 9193)
place(14.916, 1.000, 7.389, "Militant", 6693)
task.wait(1)
upgrade(14.916, 2.350, 7.389, 6193)
upgrade(14.916, 2.350, 7.389, 6043)
upgrade(14.916, 2.350, 7.389, 5143)
place(8.872, 1.000, -10.628, "Militant", 2959)
task.wait(1)
upgrade(8.872, 2.350, -10.628, 2284)
upgrade(8.872, 2.350, -10.628, 2109)
upgrade(8.872, 2.350, -10.628, 9712)
place(14.771, 1.000, -10.803, "Militant", 7431)
task.wait(1)
upgrade(14.771, 2.350, -10.803, 6834)
upgrade(14.771, 2.350, -10.803, 6684)
upgrade(14.771, 2.350, -10.803, 5784)
upgrade(14.771, 2.350, -10.803, 17141)
upgrade(8.872, 2.350, -10.628, 9041)
upgrade(14.959, 2.350, -7.779, 17240)
upgrade(11.907, 2.350, -7.638, 9388)
upgrade(8.886, 2.350, -7.606, 18234)
upgrade(14.967, 2.350, -4.745, 10012)
upgrade(11.938, 2.350, -4.612, 18537)
upgrade(8.890, 2.350, -4.579, 9837)
upgrade(15.007, 2.350, -1.718, 18811)
upgrade(11.932, 2.350, -1.587, 9811)
upgrade(8.878, 2.350, -1.515, 9234)
upgrade(8.912, 2.350, 1.513, 10115)
sell(20.802, 2.350, 10.986)
sell(20.819, 2.350, 13.068)
sell(20.845, 2.350, 15.079)
sell(15.720, 2.350, 15.241)
sell(15.749, 2.350, 13.197)
sell(15.785, 2.350, 11.128)
