place(35.742, 0.976, 34.041, "Shotgunner", 720)
place(36.032, 0.992, 28.888, "Shotgunner", 420)
place(33.689, 0.973, 34.161, "Shotgunner", 380)
place(33.979, 0.988, 28.973, "Shotgunner", 480)
place(31.662, 0.969, 34.118, "Shotgunner", 308)
place(31.912, 0.984, 28.921, "Shotgunner", 554)
upgrade(36.032, 2.342, 28.888, 423)
upgrade(35.742, 2.326, 34.041, 273)
upgrade(33.689, 2.323, 34.161, 158)
upgrade(33.979, 2.338, 28.973, 683)
upgrade(31.912, 2.334, 28.921, 753)
upgrade(31.662, 2.319, 34.118, 603)
place(41.627, 0.998, 12.591, "Farm", 463)
place(41.600, 0.997, 8.921, "Farm", 291)
place(41.637, 0.995, 5.270, "Farm", 1088)
place(41.757, 0.994, 1.650, "Farm", 838)
place(41.612, 0.993, -2.162, "Farm", 588)
place(41.542, 0.990, -5.878, "Farm", 588)
place(41.381, 0.987, -9.797, "Farm", 338)
place(41.649, 0.999, 16.247, "Farm", 1149)
upgrade(36.032, 2.342, 28.888, 1221)
upgrade(35.742, 2.326, 34.041, 1997)
upgrade(33.689, 2.323, 34.161, 1420)
upgrade(33.979, 2.338, 28.973, 1080)
upgrade(31.662, 2.319, 34.118, 1512)
upgrade(31.912, 2.334, 28.921, 986)
upgrade(41.649, 2.058, 16.247, 586)
upgrade(41.627, 2.057, 12.591, 386)
upgrade(41.600, 2.055, 8.921, 381)
upgrade(41.637, 2.054, 5.270, 211)
upgrade(41.757, 2.053, 1.650, 1440)
upgrade(41.612, 2.051, -2.162, 1240)
upgrade(41.542, 2.048, -5.878, 1515)
upgrade(41.381, 2.045, -9.797, 1315)
upgrade(41.649, 2.058, 16.247, 2095)
upgrade(41.627, 2.057, 12.591, 1545)
upgrade(41.600, 2.055, 8.921, 995)
upgrade(41.637, 2.054, 5.270, 790)
upgrade(41.757, 2.053, 1.650, 1763)
upgrade(41.612, 2.051, -2.162, 1213)
upgrade(41.542, 2.048, -5.878, 1189)
upgrade(41.381, 2.045, -9.797, 639)
place(10.769, 0.974, 28.044, "Accelerator", 4869)
upgrade(10.769, 2.324, 28.044, 2369)
upgrade(10.769, 2.324, 28.044, 4303)
upgrade(10.769, 2.324, 28.044, 4759)
upgrade(41.649, 2.058, 16.247, 4876)
upgrade(41.627, 2.057, 12.591, 3895)
upgrade(41.600, 2.055, 8.921, 2934)
upgrade(41.637, 2.054, 5.270, 1934)
upgrade(41.757, 2.053, 1.650, 1280)
upgrade(41.612, 2.051, -2.162, 2700)
upgrade(41.542, 2.048, -5.878, 1724)
upgrade(41.381, 2.045, -9.797, 4523)
upgrade(41.649, 2.058, 16.247, 7430)
upgrade(41.627, 2.057, 12.591, 5881)
upgrade(41.600, 2.055, 8.921, 3408)
upgrade(41.637, 2.054, 5.270, 5691)
upgrade(41.757, 2.053, 1.650, 3191)
upgrade(41.542, 2.048, -5.878, 4512)
upgrade(41.381, 2.045, -9.797, 7532)
upgrade(10.769, 2.324, 28.044, 15944)
place(13.840, 0.979, 28.080, "Accelerator", 4889)
upgrade(13.840, 2.329, 28.080, 1537)
upgrade(13.840, 2.329, 28.080, 3963)
upgrade(13.840, 2.329, 28.080, 8186)
upgrade(13.840, 2.329, 28.080, 15161)
place(7.759, 0.970, 27.638, "Accelerator", 4955)
upgrade(7.759, 2.320, 27.638, 1274)
upgrade(7.759, 2.320, 27.638, 3832)
upgrade(7.759, 2.320, 27.638, 7682)
upgrade(7.759, 2.320, 27.638, 15715)
place(16.892, 0.983, 28.107, "Accelerator", 8531)
upgrade(16.892, 2.333, 28.107, 4031)
upgrade(16.892, 2.333, 28.107, 3031)
upgrade(16.892, 2.333, 28.107, 5438)
upgrade(16.892, 2.333, 28.107, 13145)
place(15.388, 0.979, 25.421, "Accelerator", 13663)
upgrade(15.388, 2.329, 25.421, 9435)
upgrade(15.388, 2.329, 25.421, 8455)
upgrade(15.388, 2.329, 25.421, 5980)
upgrade(15.388, 2.329, 25.421, 11714)
place(12.293, 0.974, 25.321, "Accelerator", 14642)
upgrade(12.293, 2.324, 25.321, 12642)
upgrade(12.293, 2.324, 25.321, 11642)
upgrade(12.293, 2.324, 25.321, 9142)
upgrade(12.293, 2.324, 25.321, 11892)
