place(25.157, 1.000, -24.151, "Shotgunner", 500)
upgrade(25.157, 2.350, -24.151, 200)
place(25.122, 1.000, -18.936, "Shotgunner", 312)
upgrade(25.122, 2.350, -18.936, 367)
place(23.121, 1.000, -18.939, "Shotgunner", 332)
upgrade(23.121, 2.350, -18.939, 547)
place(21.049, 1.000, -18.870, "Shotgunner", 554)
upgrade(21.049, 2.350, -18.870, 254)
place(25.109, 1.000, -26.156, "Shotgunner", 974)
upgrade(25.109, 2.350, -26.156, 678)
place(25.121, 1.000, -28.169, "Shotgunner", 548)
upgrade(25.121, 2.350, -28.169, 249)
upgrade(25.157, 2.350, -24.151, 1130)
upgrade(25.122, 2.350, -18.936, 1477)
upgrade(23.121, 2.350, -18.939, 1727)
upgrade(21.049, 2.350, -18.870, 1123)
upgrade(25.109, 2.350, -26.156, 2221)
upgrade(25.121, 2.350, -28.169, 1286)
upgrade(25.121, 2.350, -28.169, 2501)
upgrade(21.049, 2.350, -18.870, 4872)
upgrade(25.109, 2.350, -26.156, 2597)
upgrade(23.121, 2.350, -18.939, 2628)
upgrade(25.157, 2.350, -24.151, 3082)
upgrade(25.122, 2.350, -18.936, 3971)
place(19.762, 1.000, -27.848, "Militant", 1731)
upgrade(19.762, 2.350, -27.848, 1081)
upgrade(19.762, 2.350, -27.848, 931)
upgrade(19.762, 2.350, -27.848, 3664)
upgrade(19.762, 2.350, -27.848, 10177)
place(16.703, 1.000, -27.966, "Militant", 2156)
upgrade(16.703, 2.350, -27.966, 1576)
upgrade(16.703, 2.350, -27.966, 1376)
upgrade(16.703, 2.350, -27.966, 4787)
upgrade(16.703, 2.350, -27.966, 9795)
place(13.615, 1.000, -27.974, "Militant", 945)
upgrade(13.615, 2.350, -27.974, 324)
upgrade(13.615, 2.350, -27.974, 1445)
upgrade(13.615, 2.350, -27.974, 3890)
upgrade(13.615, 2.350, -27.974, 9265)
place(12.020, 1.000, -25.357, "Militant", 1387)
upgrade(12.020, 2.350, -25.357, 1112)
upgrade(12.020, 2.350, -25.357, 1263)
upgrade(12.020, 2.350, -25.357, 3024)
upgrade(12.020, 2.350, -25.357, 10469)
place(15.061, 1.000, -25.310, "Militant", 2871)
upgrade(15.061, 2.350, -25.310, 2320)
upgrade(15.061, 2.350, -25.310, 2121)
upgrade(15.061, 2.350, -25.310, 2781)
upgrade(15.061, 2.350, -25.310, 9673)
place(18.215, 1.000, -25.145, "Militant", 1423)
upgrade(18.215, 2.350, -25.145, 723)
upgrade(18.215, 2.350, -25.145, 1123)
upgrade(18.215, 2.350, -25.145, 3323)
upgrade(18.215, 2.350, -25.145, 10573)
sell(21.049, 2.350, -18.870)
sell(23.121, 2.350, -18.939)
sell(25.122, 2.350, -18.936)
sell(25.157, 2.350, -24.151)
sell(25.109, 2.350, -26.156)
sell(25.121, 2.350, -28.169)
place(12.021, 1.000, -22.303, "Militant", 11873)
upgrade(12.021, 2.350, -22.303, 11173)
upgrade(12.021, 2.350, -22.303, 10975)
upgrade(12.021, 2.350, -22.303, 10073)
upgrade(12.021, 2.350, -22.303, 9823)
place(15.107, 1.000, -22.212, "Militant", 823)
upgrade(15.107, 2.350, -22.212, 2614)
upgrade(15.107, 2.350, -22.212, 2423)
upgrade(15.107, 2.350, -22.212, 4023)
