place(32.767, 14.738, 7.504, "Shotgunner", 720)
place(32.815, 14.738, 13.092, "Shotgunner", 420)
place(30.785, 14.738, 13.249, "Shotgunner", 275)
place(30.772, 14.738, 7.896, "Shotgunner", 537)
upgrade(32.815, 16.088, 13.092, 367)
upgrade(30.785, 16.088, 13.249, 217)
place(28.731, 14.738, 13.246, "Shotgunner", 652)
place(28.710, 14.738, 7.873, "Shotgunner", 539)
upgrade(28.710, 16.088, 7.873, 239)
upgrade(28.731, 16.088, 13.246, 162)
upgrade(30.772, 16.088, 7.896, 717)
upgrade(32.767, 16.088, 7.504, 567)
upgrade(32.767, 16.088, 7.504, 1649)
upgrade(32.815, 16.088, 13.092, 998)
upgrade(30.772, 16.088, 7.896, 1194)
upgrade(30.785, 16.088, 13.249, 2037)
upgrade(28.710, 16.088, 7.873, 1498)
upgrade(28.731, 16.088, 13.246, 2026)
place(15.128, 14.738, 12.976, "Minigunner", 3144)
upgrade(15.128, 16.088, 12.976, 1818)
upgrade(15.128, 16.088, 12.976, 1538)
place(9.170, 14.738, 8.466, "DJ Booth", 2382)
upgrade(9.170, 16.103, 8.466, 1197)
upgrade(9.170, 16.103, 8.466, 1282)
upgrade(9.170, 16.103, 8.466, 3087)
upgrade(15.128, 16.088, 12.976, 8182)
upgrade(9.170, 16.103, 8.466, 9963)
place(15.126, 14.738, 9.918, "Minigunner", 7380)
upgrade(15.126, 16.088, 9.918, 5540)
upgrade(15.126, 16.088, 9.918, 5200)
upgrade(15.126, 16.088, 9.918, 9137)
place(9.397, 14.738, 12.485, "Accelerator", 8763)
upgrade(9.397, 16.088, 12.485, 4423)
upgrade(9.397, 16.088, 12.485, 3483)
upgrade(9.397, 16.088, 12.485, 6525)
