place(11.061, 0.972, 24.033, "Cowboy", 600)
task.wait(1)
upgrade(11.061, 2.322, 24.033, 150)
upgrade(11.061, 2.322, 24.033, 552)
place(14.088, 0.976, 24.068, "Cowboy", 560)
task.wait(1)
upgrade(14.088, 2.326, 24.068, 179)
upgrade(14.088, 2.326, 24.068, 854)
place(17.126, 0.980, 24.040, "Cowboy", 516)
task.wait(1)
upgrade(17.126, 2.330, 24.040, 196)
upgrade(17.126, 2.330, 24.040, 822)
place(20.158, 0.984, 24.012, "Cowboy", 557)
task.wait(1)
upgrade(20.158, 2.334, 24.012, 167)
upgrade(20.158, 2.334, 24.012, 1215)
place(8.047, 0.967, 23.988, "Cowboy", 858)
task.wait(1)
upgrade(8.047, 2.317, 23.988, 358)
upgrade(8.047, 2.317, 23.988, 698)
place(11.023, 0.974, 27.042, "Cowboy", 558)
task.wait(1)
upgrade(11.023, 2.324, 27.042, 158)
upgrade(11.023, 2.324, 27.042, 839)
place(14.061, 0.978, 27.078, "Cowboy", 502)
task.wait(1)
upgrade(14.061, 2.328, 27.078, 259)
upgrade(14.061, 2.328, 27.078, 598)
place(17.101, 0.982, 27.103, "Cowboy", 598)
task.wait(1)
upgrade(17.101, 2.332, 27.103, 498)
upgrade(17.101, 2.332, 27.103, 1139)
place(20.142, 0.986, 27.038, "Cowboy", 826)
task.wait(1)
upgrade(20.142, 2.336, 27.038, 326)
upgrade(20.142, 2.336, 27.038, 754)
place(8.009, 0.970, 27.008, "Cowboy", 846)
task.wait(1)
upgrade(8.009, 2.320, 27.008, 1217)
upgrade(8.009, 2.320, 27.008, 1328)
place(10.258, 0.967, 19.818, "DJ Booth", 1363)
task.wait(1)
upgrade(10.258, 2.332, 19.818, 788)
upgrade(10.258, 2.332, 19.818, 1288)
task.wait(0.5)
switchTrack(10.258, 2.332, 19.818, "Green")
upgrade(10.258, 2.332, 19.818, 3244)
upgrade(11.061, 2.322, 24.033, 1354)
upgrade(14.088, 2.326, 24.068, 1424)
upgrade(17.126, 2.330, 24.040, 1416)
upgrade(20.158, 2.334, 24.012, 1496)
upgrade(8.047, 2.317, 23.988, 1436)
upgrade(11.023, 2.324, 27.042, 1650)
upgrade(14.061, 2.328, 27.078, 1621)
upgrade(17.101, 2.332, 27.103, 1434)
upgrade(20.142, 2.336, 27.038, 1684)
upgrade(8.009, 2.320, 27.008, 2229)
ability(1)
activateAbility(10.258, 2.332, 19.818, "Drop The Beat")
upgrade(10.258, 2.332, 19.818, 8298)
upgrade(11.061, 2.322, 24.033, 3416)
upgrade(14.088, 2.326, 24.068, 2739)
upgrade(17.126, 2.330, 24.040, 3875)
ability(1)
activateAbility(10.258, 2.332, 19.818, "Drop The Beat")
upgrade(20.158, 2.334, 24.012, 2657)
upgrade(8.047, 2.317, 23.988, 3052)
upgrade(11.023, 2.324, 27.042, 3593)
upgrade(14.061, 2.328, 27.078, 3389)
ability(1)
activateAbility(10.258, 2.332, 19.818, "Drop The Beat")
upgrade(17.101, 2.332, 27.103, 3376)
upgrade(20.142, 2.336, 27.038, 3842)
upgrade(8.009, 2.320, 27.008, 3599)
ability(1)
activateAbility(10.258, 2.332, 19.818, "Drop The Beat")
upgrade(10.258, 2.332, 19.818, 20828)
place(12.060, 4.006, 8.761, "Ranger", 4928)
task.wait(1)
upgrade(12.060, 5.356, 8.761, 1825)
ability(1)
activateAbility(10.258, 2.332, 19.818, "Drop The Beat")
upgrade(12.060, 5.356, 8.761, 4125)
place(14.432, 4.421, 6.835, "Ranger", 5997)
task.wait(1)
upgrade(14.432, 5.771, 6.835, 1497)
upgrade(14.432, 5.771, 6.835, 4487)
place(9.069, 4.162, 8.116, "Ranger", 5382)
ability(1)
activateAbility(10.258, 2.332, 19.818, "Drop The Beat")
upgrade(9.069, 5.512, 8.116, 3507)
upgrade(9.069, 5.512, 8.116, 8082)
place(11.460, 4.448, 5.854, "Ranger", 6559)
task.wait(1)
upgrade(11.460, 5.798, 5.854, 3159)
upgrade(11.460, 5.798, 5.854, 3984)
place(6.344, 4.447, 6.883, "Ranger", 4659)
task.wait(1)
upgrade(6.344, 5.797, 6.883, 1459)
ability(1)
activateAbility(10.258, 2.332, 19.818, "Drop The Beat")
upgrade(6.344, 5.797, 6.883, 4707)
place(8.587, 4.543, 4.858, "Ranger", 5034)
task.wait(1)
upgrade(8.587, 5.893, 4.858, 1534)
upgrade(8.587, 5.893, 4.858, 5909)
place(3.537, 4.839, 5.829, "Ranger", 4494)
place(3.577, 4.840, 5.763, "Ranger", 7693)
task.wait(1)
upgrade(3.577, 6.190, 5.763, 4664)
upgrade(3.577, 6.190, 5.763, 4585)
ability(1)
activateAbility(10.258, 2.332, 19.818, "Drop The Beat")
upgrade(11.061, 2.322, 24.033, 10101)
upgrade(14.088, 2.326, 24.068, 5742)
upgrade(17.126, 2.330, 24.040, 4730)
upgrade(20.158, 2.334, 24.012, 5599)
upgrade(8.047, 2.317, 23.988, 5306)
ability(1)
activateAbility(10.258, 2.332, 19.818, "Drop The Beat")
upgrade(11.023, 2.324, 27.042, 7369)
upgrade(14.061, 2.328, 27.078, 9257)
upgrade(17.101, 2.332, 27.103, 4795)
upgrade(20.142, 2.336, 27.038, 5339)
upgrade(8.009, 2.320, 27.008, 5027)
place(9.327, 0.928, 10.596, "Accelerator", 13111)
task.wait(1)
upgrade(9.327, 2.278, 10.596, 10714)
upgrade(9.327, 2.278, 10.596, 11744)
upgrade(9.327, 2.278, 10.596, 10694)
upgrade(9.327, 2.278, 10.596, 9732)
ability(1)
activateAbility(10.258, 2.332, 19.818, "Drop The Beat")
place(9.231, 0.917, 13.605, "Accelerator", 16627)
task.wait(1)
upgrade(9.231, 2.267, 13.605, 12786)
upgrade(9.231, 2.267, 13.605, 11936)
upgrade(9.231, 2.267, 13.605, 10211)
upgrade(9.231, 2.267, 13.605, 12524)
place(6.628, 0.920, 9.210, "Accelerator", 10912)
task.wait(1)
upgrade(6.628, 2.270, 9.210, 6412)
upgrade(6.628, 2.270, 9.210, 5760)
upgrade(6.628, 2.270, 9.210, 8337)
upgrade(6.628, 2.270, 9.210, 10000)
place(6.544, 0.909, 12.248, "Accelerator", 438)
place(6.481, 0.909, 12.292, "Accelerator", 11938)
task.wait(1)
upgrade(6.481, 2.259, 12.292, 7438)
upgrade(6.481, 2.259, 12.292, 6588)
upgrade(6.481, 2.259, 12.292, 4463)
ability(1)
activateAbility(10.258, 2.332, 19.818, "Drop The Beat")
upgrade(6.481, 2.259, 12.292, 11087)
place(3.785, 0.911, 8.046, "Accelerator", 18725)
task.wait(1)
upgrade(3.785, 2.261, 8.046, 14225)
upgrade(3.785, 2.261, 8.046, 13375)
upgrade(3.785, 2.261, 8.046, 11250)
upgrade(3.785, 2.261, 8.046, 10271)
place(3.722, 0.928, 11.052, "Accelerator", 7309)
task.wait(1)
upgrade(3.722, 2.278, 11.052, 2809)
upgrade(3.722, 2.278, 11.052, 5200)
upgrade(3.722, 2.278, 11.052, 5734)
upgrade(3.722, 2.278, 11.052, 13247)
place(0.859, 0.918, 7.260, "Accelerator", 14803)
task.wait(1)
upgrade(0.859, 2.268, 7.260, 10503)
upgrade(0.859, 2.268, 7.260, 9653)
upgrade(0.859, 2.268, 7.260, 8301)
ability(1)
activateAbility(10.258, 2.332, 19.818, "Drop The Beat")
upgrade(0.859, 2.268, 7.260, 11241)
place(0.788, 0.908, 10.284, "Accelerator", 10643)
task.wait(1)
upgrade(0.788, 2.258, 10.284, 8592)
upgrade(0.788, 2.258, 10.284, 7743)
upgrade(0.788, 2.258, 10.284, 8260)
upgrade(0.788, 2.258, 10.284, 13231)
ability(1)
upgrade(12.060, 5.356, 8.761, 17420)
upgrade(14.432, 5.771, 6.835, 12024)
upgrade(11.460, 5.798, 5.854, 16895)
ability(1)
activateAbility(10.258, 2.332, 19.818, "Drop The Beat")
upgrade(9.069, 5.512, 8.116, 14620)
upgrade(8.587, 5.893, 4.858, 12895)
upgrade(6.344, 5.797, 6.883, 14970)
ability(1)
activateAbility(10.258, 2.332, 19.818, "Drop The Beat")
upgrade(3.577, 6.190, 5.763, 12780)
upgrade(9.231, 2.267, 13.605, 35412)
ability(1)
activateAbility(10.258, 2.332, 19.818, "Drop The Beat")
upgrade(9.327, 2.278, 10.596, 32156)
upgrade(6.481, 2.259, 12.292, 31156)
ability(1)
activateAbility(10.258, 2.332, 19.818, "Drop The Beat")
upgrade(3.722, 2.278, 11.052, 36027)
ability(1)
activateAbility(10.258, 2.332, 19.818, "Drop The Beat")
upgrade(3.785, 2.261, 8.046, 30784)
upgrade(0.788, 2.258, 10.284, 34592)
ability(1)
activateAbility(10.258, 2.332, 19.818, "Drop The Beat")
upgrade(0.859, 2.268, 7.260, 32052)
place(-2.718, 0.920, 8.650, "Mercenary Base", 44096)
task.wait(1)
upgrade(-2.718, 0.895, 8.650, 46096)
upgrade(-2.718, 0.895, 8.650, 45922)
upgrade(-2.718, 0.895, 8.650, 48756)
upgrade(-2.718, 0.895, 8.650, 45187)
upgrade(-2.718, 0.895, 8.650, 41887)
ability(1)
activateAbility(10.258, 2.332, 19.818, "Drop The Beat")
upgrade(-2.718, 0.895, 8.650, 37854)
task.wait(0.5)
switchTrack(10.258, 2.332, 19.818, "Purple")
place(16.833, 0.976, 6.546, "Mercenary Base", 67954)
task.wait(1)
upgrade(16.833, 0.951, 6.546, 66001)
upgrade(16.833, 0.951, 6.546, 64756)
upgrade(16.833, 0.951, 6.546, 58049)
upgrade(16.833, 0.951, 6.546, 55676)
upgrade(16.833, 0.951, 6.546, 46626)
upgrade(16.833, 0.951, 6.546, 34139)
ability(1)
activateAbility(10.258, 2.332, 19.818, "Drop The Beat")
place(13.936, 0.976, 2.710, "Mercenary Base", 28720)
task.wait(1)
upgrade(13.936, 0.951, 2.710, 26639)
upgrade(13.936, 0.951, 2.710, 25391)
upgrade(13.936, 0.951, 2.710, 30473)
upgrade(13.936, 0.951, 2.710, 24211)
upgrade(13.936, 0.951, 2.710, 23711)
task.wait(0.5)
switchUnit(-2.718, 0.895, 8.650, "Unit 1", "Riot Guard")
switchUnit(-2.718, 0.895, 8.650, "Unit 2", "Riot Guard")
switchUnit(-2.718, 0.895, 8.650, "Unit 3", "Riot Guard")
upgrade(13.936, 0.951, 2.710, 39715)
task.wait(0.5)
switchUnit(-2.718, 0.895, 8.650, "Unit 3", "Field Medic")
switchUnit(13.936, 0.951, 2.710, "Unit 1", "Riot Guard")
switchUnit(13.936, 0.951, 2.710, "Unit 2", "Riot Guard")
upgrade(12.060, 5.356, 8.761, 55915)
upgrade(14.432, 5.771, 6.835, 28165)
upgrade(9.069, 5.512, 8.116, 29417)
upgrade(11.460, 5.798, 5.854, 32617)
upgrade(6.344, 5.797, 6.883, 18204)
upgrade(8.587, 5.893, 4.858, 30568)
upgrade(3.577, 6.190, 5.763, 44072)
ability(1)
activateAbility(10.258, 2.332, 19.818, "Drop The Beat")
ability(2)
airDropAbility(16.833, 0.951, 6.546, "1", 108.387104, 25.500000, 1.125000, 5.505575, -0.438622, 0.000000, 0.898672, 0.000000, 1.000000, -0.000000, -0.898672, 0.000000)
ability(2)
airDropAbility(13.936, 0.951, 2.710, "1", 108.387104, 25.500002, 1.125000, 5.363449, -0.456018, 0.000000, 0.889970, 0.000000, 1.000000, -0.000000, -0.889970, 0.000000)
ability(2)
airDropAbility(-2.718, 0.895, 8.650, "1", 108.387104, 25.500002, 1.125000, 5.363449, -0.456018, 0.000000, 0.889970, 0.000000, 1.000000, -0.000000, -0.889970, 0.000000)
ability(1)
activateAbility(10.258, 2.332, 19.818, "Drop The Beat")
ability(1)
activateAbility(10.258, 2.332, 19.818, "Drop The Beat")
ability(2)
airDropAbility(16.833, 0.951, 6.546, "1", 202.563801, -25.846874, 1.125000, 7.539155, -0.162597, 0.000000, -0.986693, 0.000000, 1.000000, -0.000000, 0.986693, -0.000000)
ability(2)
airDropAbility(-2.718, 0.895, 8.650, "1", 202.563801, -25.846874, 1.125000, 7.539155, -0.162597, 0.000000, -0.986693, 0.000000, 1.000000, -0.000000, 0.986693, -0.000000)
ability(2)
airDropAbility(13.936, 0.951, 2.710, "1", 202.563801, -25.846874, 1.125000, 7.539155, -0.162597, 0.000000, -0.986693, 0.000000, 1.000000, -0.000000, 0.986693, -0.000000)
ability(1)
activateAbility(10.258, 2.332, 19.818, "Drop The Beat")
sell(16.833, 0.951, 6.546)
place(16.938, 0.976, 6.571, "Mercenary Base", 503785)
task.wait(1)
upgrade(16.938, 0.951, 6.571, 501436)
upgrade(16.938, 0.951, 6.571, 500188)
upgrade(16.938, 0.951, 6.571, 505143)
upgrade(16.938, 0.951, 6.571, 498209)
upgrade(16.938, 0.951, 6.571, 489557)
upgrade(16.938, 0.951, 6.571, 477671)
ability(2)
ability(2)
airDropAbility(16.938, 0.951, 6.571, "1", 127.630909, 17.459827, 1.125000, -7.582276, -0.969805, 0.000000, -0.243880, 0.000000, 1.000000, -0.000000, 0.243880, -0.000000)
sell(16.938, 0.951, 6.571)
place(17.675, 0.980, 6.071, "Mercenary Base", 534239)
task.wait(1)
upgrade(17.675, 0.955, 6.071, 531889)
upgrade(17.675, 0.955, 6.071, 530641)
upgrade(17.675, 0.955, 6.071, 528421)
upgrade(17.675, 0.955, 6.071, 521759)
upgrade(17.675, 0.955, 6.071, 520011)
upgrade(17.675, 0.955, 6.071, 507524)
ability(2)
airDropAbility(-2.718, 0.895, 8.650, "1", 165.079341, -7.483360, 1.125000, 4.999196, -0.862320, 0.000000, -0.506363, 0.000000, 1.000000, -0.000000, 0.506363, -0.000000)
ability(2)
airDropAbility(13.936, 0.951, 2.710, "1", 165.079341, -7.482522, 1.125000, 5.024328, -0.861560, 0.000000, -0.507656, 0.000000, 1.000000, -0.000000, 0.507656, -0.000000)
ability(2)
airDropAbility(17.675, 0.955, 6.071, "1", 165.079341, -7.440401, 1.125000, 6.287985, -0.383720, 0.000000, -0.923449, 0.000000, 1.000000, -0.000000, 0.923449, -0.000000)
sell(17.675, 0.955, 6.071)
place(17.441, 0.979, 6.281, "Mercenary Base", 536026)
task.wait(1)
upgrade(17.441, 0.954, 6.281, 533276)
upgrade(17.441, 0.954, 6.281, 532028)
upgrade(17.441, 0.954, 6.281, 529485)
upgrade(17.441, 0.954, 6.281, 522548)
upgrade(17.441, 0.954, 6.281, 513298)
upgrade(17.441, 0.954, 6.281, 500811)
ability(1)
activateAbility(10.258, 2.332, 19.818, "Drop The Beat")
ability(2)
airDropAbility(17.441, 0.954, 6.281, "1", 169.039996, -7.394805, 1.125000, 8.485705, -0.047945, 0.000000, -0.998850, 0.000000, 1.000000, -0.000000, 0.998850, -0.000000)
sell(17.441, 0.954, 6.281)
place(17.267, 0.979, 6.017, "Mercenary Base", 581537)
task.wait(1)
upgrade(17.267, 0.954, 6.017, 591687)
upgrade(17.267, 0.954, 6.017, 590439)
upgrade(17.267, 0.954, 6.017, 588650)
upgrade(17.267, 0.954, 6.017, 594455)
upgrade(17.267, 0.954, 6.017, 585808)
upgrade(17.267, 0.954, 6.017, 573322)
ability(2)
airDropAbility(17.267, 0.954, 6.017, "1", 136.799529, 9.974775, 1.125000, -7.500000, -0.987596, 0.000000, 0.157015, 0.000000, 1.000000, -0.000000, -0.157015, 0.000000)
sell(17.267, 0.954, 6.017)
place(17.088, 0.978, 6.333, "Mercenary Base", 595898)
task.wait(1)
upgrade(17.088, 0.953, 6.333, 593148)
upgrade(17.088, 0.953, 6.333, 591902)
upgrade(17.088, 0.953, 6.333, 589360)
upgrade(17.088, 0.953, 6.333, 590964)
upgrade(17.088, 0.953, 6.333, 582330)
upgrade(17.088, 0.953, 6.333, 569833)
ability(2)
airDropAbility(17.088, 0.953, 6.333, "1", 136.799529, 10.147562, 1.125000, -7.500000, -0.868878, 0.000000, -0.495027, 0.000000, 1.000000, -0.000000, 0.495027, -0.000000)
sell(17.088, 0.953, 6.333)
place(17.003, 0.977, 6.248, "Mercenary Base", 626759)
task.wait(1)
upgrade(17.003, 0.952, 6.248, 624009)
upgrade(17.003, 0.952, 6.248, 622771)
upgrade(17.003, 0.952, 6.248, 620223)
upgrade(17.003, 0.952, 6.248, 613281)
upgrade(17.003, 0.952, 6.248, 604155)
upgrade(17.003, 0.952, 6.248, 591544)
ability(2)
airDropAbility(13.936, 0.951, 2.710, "1", 139.307528, 6.872822, 1.125000, -7.500000, -0.733606, 0.000000, -0.679575, 0.000000, 1.000000, -0.000000, 0.679575, -0.000000)
ability(2)
airDropAbility(-2.718, 0.895, 8.650, "1", 139.307528, 7.099208, 1.125000, -7.500000, -0.740070, 0.000000, -0.672530, 0.000000, 1.000000, -0.000000, 0.672530, -0.000000)
ability(2)
airDropAbility(17.003, 0.952, 6.248, "1", 134.183529, 11.632034, 1.125000, -7.500000, -0.998180, 0.000000, -0.060301, 0.000000, 1.000000, -0.000000, 0.060301, -0.000000)
sell(17.003, 0.952, 6.248)
place(17.238, 0.979, 6.098, "Mercenary Base", 650546)
task.wait(1)
upgrade(17.238, 0.954, 6.098, 647796)
upgrade(17.238, 0.954, 6.098, 646550)
upgrade(17.238, 0.954, 6.098, 644086)
upgrade(17.238, 0.954, 6.098, 637068)
upgrade(17.238, 0.954, 6.098, 627856)
upgrade(17.238, 0.954, 6.098, 615331)
ability(2)
airDropAbility(17.238, 0.954, 6.098, "1", 171.923593, -7.391324, 1.125000, 11.326469, 0.309938, 0.000000, -0.950757, -0.000000, 1.000000, -0.000000, 0.950757, 0.000000)
sell(17.238, 0.954, 6.098)
place(17.084, 0.977, 6.479, "Mercenary Base", 652557)
task.wait(1)
upgrade(17.084, 0.952, 6.479, 662307)
upgrade(17.084, 0.952, 6.479, 661066)
upgrade(17.084, 0.952, 6.479, 658581)
upgrade(17.084, 0.952, 6.479, 651579)
upgrade(17.084, 0.952, 6.479, 642474)
upgrade(17.084, 0.952, 6.479, 642340)
sell(20.142, 2.336, 27.038)
sell(17.126, 2.330, 24.040)
sell(20.158, 2.334, 24.012)
sell(17.101, 2.332, 27.103)
sell(14.061, 2.328, 27.078)
sell(14.088, 2.326, 24.068)
sell(11.061, 2.322, 24.033)
sell(11.023, 2.324, 27.042)
sell(8.009, 2.320, 27.008)
sell(8.047, 2.317, 23.988)
place(-21.422, 1.005, 0.453, "Cowboy", 741562)
task.wait(1)
upgrade(-21.422, 2.355, 0.453, 741062)
upgrade(-21.422, 2.355, 0.453, 740912)
upgrade(-21.422, 2.355, 0.453, 740363)
upgrade(-21.422, 2.355, 0.453, 739068)
place(-18.155, 1.002, 0.404, "Cowboy", 735862)
task.wait(1)
upgrade(-18.155, 2.352, 0.404, 735362)
upgrade(-18.155, 2.352, 0.404, 735213)
upgrade(-18.155, 2.352, 0.404, 734736)
upgrade(-18.155, 2.352, 0.404, 733166)
upgrade(-18.155, 2.352, 0.404, 730354)
upgrade(-21.422, 2.355, 0.453, 724912)
place(-14.871, 0.969, 0.337, "Cowboy", 719662)
task.wait(1)
upgrade(-14.871, 2.319, 0.337, 719162)
upgrade(-14.871, 2.319, 0.337, 719012)
upgrade(-14.871, 2.319, 0.337, 718572)
upgrade(-14.871, 2.319, 0.337, 716964)
upgrade(-14.871, 2.319, 0.337, 714251)
upgrade(-14.871, 2.319, 0.337, 708717)
place(-11.543, 0.962, 0.605, "Cowboy", 708712)
task.wait(1)
upgrade(-11.543, 2.312, 0.605, 708212)
upgrade(-11.543, 2.312, 0.605, 708069)
upgrade(-11.543, 2.312, 0.605, 707518)
upgrade(-11.543, 2.312, 0.605, 706131)
upgrade(-11.543, 2.312, 0.605, 703029)
upgrade(-11.543, 2.312, 0.605, 698465)
place(-21.451, 0.996, 3.660, "Cowboy", 697762)
task.wait(1)
upgrade(-21.451, 2.346, 3.660, 697262)
upgrade(-21.451, 2.346, 3.660, 697113)
upgrade(-21.451, 2.346, 3.660, 696568)
upgrade(-21.451, 2.346, 3.660, 695168)
upgrade(-21.451, 2.346, 3.660, 692102)
upgrade(-21.451, 2.346, 3.660, 687423)
place(-18.208, 0.991, 3.439, "Cowboy", 686812)
task.wait(1)
upgrade(-18.208, 2.341, 3.439, 686312)
upgrade(-18.208, 2.341, 3.439, 686165)
upgrade(-18.208, 2.341, 3.439, 685616)
upgrade(-18.208, 2.341, 3.439, 684214)
upgrade(-18.208, 2.341, 3.439, 681141)
upgrade(-18.208, 2.341, 3.439, 676501)
place(-14.862, 0.958, 3.606, "Cowboy", 675862)
task.wait(1)
upgrade(-14.862, 2.308, 3.606, 675362)
upgrade(-14.862, 2.308, 3.606, 675225)
upgrade(-14.862, 2.308, 3.606, 674666)
upgrade(-14.862, 2.308, 3.606, 673422)
upgrade(-14.862, 2.308, 3.606, 670210)
place(-11.430, 0.951, 3.742, "Cowboy", 664912)
task.wait(1)
upgrade(-11.430, 2.301, 3.742, 664412)
upgrade(-11.430, 2.301, 3.742, 664264)
upgrade(-11.430, 2.301, 3.742, 663765)
upgrade(-11.430, 2.301, 3.742, 662215)
upgrade(-11.430, 2.301, 3.742, 659303)
upgrade(-11.430, 2.301, 3.742, 654179)
ability(2)
airDropAbility(-2.718, 0.895, 8.650, "1", 229.097921, -14.184057, 1.125000, -11.594080, -0.972885, 0.000000, 0.231292, 0.000000, 1.000000, -0.000000, -0.231292, 0.000000)
ability(2)
ability(2)
ability(2)
airDropAbility(13.936, 0.951, 2.710, "1", 229.097921, -14.182711, 1.125000, -11.014153, -0.969085, 0.000000, 0.246727, 0.000000, 1.000000, -0.000000, -0.246727, 0.000000)
airDropAbility(13.936, 0.951, 2.710, "1", 229.097921, -14.182711, 1.125000, -11.014153, -0.969085, 0.000000, 0.246727, 0.000000, 1.000000, -0.000000, -0.246727, 0.000000)
ability(2)
airDropAbility(13.936, 0.951, 2.710, "1", 229.097921, -14.182396, 1.125000, -10.878425, -0.968084, 0.000000, 0.250628, 0.000000, 1.000000, -0.000000, -0.250628, 0.000000)
airDropAbility(17.084, 0.952, 6.479, "1", 229.097921, -14.182396, 1.125000, -10.878425, -0.968084, 0.000000, 0.250628, 0.000000, 1.000000, -0.000000, -0.250628, 0.000000)
ability(2)
