place(-12.194, 1.000, -3.345, "Soldier", 600)
task.wait(1)
upgrade(-12.194, 2.350, -3.345, 250)
upgrade(-12.194, 2.350, -3.345, 412)
place(-9.148, 1.000, -3.751, "Soldier", 477)
task.wait(1)
upgrade(-9.148, 2.350, -3.751, 127)
upgrade(-9.148, 2.350, -3.751, 547)
place(-6.096, 1.000, -3.782, "Soldier", 355)
task.wait(1)
upgrade(-6.096, 2.350, -3.782, 620)
upgrade(-6.096, 2.350, -3.782, 724)
place(-12.669, 1.000, -0.327, "Soldier", 359)
task.wait(1)
upgrade(-12.669, 2.350, -0.327, 779)
upgrade(-12.669, 2.350, -0.327, 930)
place(-9.647, 1.000, -0.755, "Soldier", 580)
task.wait(1)
upgrade(-9.647, 2.350, -0.755, 245)
upgrade(-9.647, 2.350, -0.755, 1076)
place(-12.683, 1.000, 2.718, "Soldier", 975)
task.wait(1)
upgrade(-12.683, 2.350, 2.718, 625)
upgrade(-12.683, 2.350, 2.718, 535)
place(-9.675, 1.000, 2.283, "Soldier", 1325)
task.wait(1)
upgrade(-9.675, 2.350, 2.283, 1320)
upgrade(-9.675, 2.350, 2.283, 1221)
place(-18.118, 1.000, -1.872, "Soldier", 821)
task.wait(1)
upgrade(-18.118, 2.350, -1.872, 471)
upgrade(-18.118, 2.350, -1.872, 539)
place(-18.106, 1.000, -4.924, "Soldier", 351)
task.wait(1)
upgrade(-18.106, 2.350, -4.924, 1517)
upgrade(-18.106, 2.350, -4.924, 1419)
place(-17.962, 1.000, -7.923, "Soldier", 1019)
task.wait(1)
upgrade(-17.962, 2.350, -7.923, 669)
upgrade(-17.962, 2.350, -7.923, 569)
place(-15.099, 1.000, -8.916, "Soldier", 533)
task.wait(1)
upgrade(-15.099, 2.350, -8.916, 233)
upgrade(-15.099, 2.350, -8.916, 1428)
place(-12.074, 1.000, -8.947, "Soldier", 1469)
task.wait(1)
upgrade(-12.074, 2.350, -8.947, 1119)
upgrade(-12.074, 2.350, -8.947, 1019)
place(-9.041, 1.000, -8.857, "Soldier", 799)
task.wait(1)
upgrade(-9.041, 2.350, -8.857, 454)
upgrade(-9.041, 2.350, -8.857, 504)
place(-5.956, 1.000, -8.875, "Soldier", 2197)
task.wait(1)
upgrade(-5.956, 2.350, -8.875, 1872)
upgrade(-5.956, 2.350, -8.875, 1772)
place(-15.648, 1.000, 3.249, "Soldier", 1525)
task.wait(1)
upgrade(-15.648, 2.350, 3.249, 1200)
upgrade(-15.648, 2.350, 3.249, 1105)
place(-18.662, 1.000, 3.214, "Soldier", 900)
task.wait(1)
upgrade(-18.662, 2.350, 3.214, 579)
upgrade(-18.662, 2.350, 3.214, 505)
place(-21.699, 1.000, 3.266, "Soldier", 2270)
task.wait(1)
upgrade(-21.699, 2.350, 3.266, 1920)
upgrade(-21.699, 2.350, 3.266, 1820)
place(-23.746, 1.000, 0.928, "Soldier", 1470)
task.wait(1)
upgrade(-23.746, 2.350, 0.928, 1145)
upgrade(-23.746, 2.350, 0.928, 1070)
place(-23.756, 1.000, -2.090, "Soldier", 945)
task.wait(1)
upgrade(-23.756, 2.350, -2.090, 620)
upgrade(-23.756, 2.350, -2.090, 547)
place(-23.717, 1.000, -5.145, "Soldier", 1672)
task.wait(1)
upgrade(-23.717, 2.350, -5.145, 1544)
upgrade(-23.717, 2.350, -5.145, 2026)
place(-25.828, 1.000, -7.429, "Soldier", 1676)
task.wait(1)
upgrade(-25.828, 2.350, -7.429, 1351)
upgrade(-25.828, 2.350, -7.429, 1251)
place(-18.673, 1.000, -10.918, "Soldier", 1176)
task.wait(1)
upgrade(-18.673, 2.350, -10.918, 909)
upgrade(-18.673, 2.350, -10.918, 826)
place(-15.766, 1.000, -11.899, "Soldier", 683)
task.wait(1)
upgrade(-15.766, 2.350, -11.899, 532)
upgrade(-15.766, 2.350, -11.899, 432)
place(-12.709, 1.000, -11.939, "Soldier", 230)
place(-12.709, 1.000, -11.939, "Soldier", 2030)
task.wait(1)
upgrade(-12.709, 2.350, -11.939, 2310)
upgrade(-12.709, 2.350, -11.939, 2210)
place(-11.819, 1.000, -14.840, "Soldier", 1860)
task.wait(1)
upgrade(-11.819, 2.350, -14.840, 1535)
upgrade(-11.819, 2.350, -14.840, 1460)
place(-14.845, 1.000, -14.812, "Soldier", 1300)
task.wait(1)
upgrade(-14.845, 2.350, -14.812, 1025)
upgrade(-14.845, 2.350, -14.812, 940)
place(-20.788, 1.000, -13.158, "Soldier", 617)
task.wait(1)
upgrade(-20.788, 2.350, -13.158, 293)
upgrade(-20.788, 2.350, -13.158, 454)
place(-17.875, 1.000, -14.228, "Soldier", 2034)
task.wait(1)
upgrade(-17.875, 2.350, -14.228, 1699)
upgrade(-17.875, 2.350, -14.228, 1613)
place(-25.954, 1.000, -10.503, "Soldier", 1229)
task.wait(1)
upgrade(-25.954, 2.350, -10.503, 904)
upgrade(-25.954, 2.350, -10.503, 829)
place(-25.968, 1.000, -13.519, "Soldier", 654)
task.wait(1)
upgrade(-25.968, 2.350, -13.519, 354)
upgrade(-25.968, 2.350, -13.519, 459)
place(-12.698, 1.000, 5.804, "Soldier", 4186)
task.wait(1)
upgrade(-12.698, 2.350, 5.804, 3836)
upgrade(-12.698, 2.350, 5.804, 3736)
place(-15.697, 1.000, 6.278, "Soldier", 3419)
task.wait(1)
upgrade(-15.697, 2.350, 6.278, 3086)
upgrade(-15.697, 2.350, 6.278, 3011)
place(-18.742, 1.000, 6.328, "Soldier", 2750)
task.wait(1)
upgrade(-18.742, 2.350, 6.328, 2406)
upgrade(-18.742, 2.350, 6.328, 2408)
place(-21.799, 1.000, 6.311, "Soldier", 2206)
task.wait(1)
upgrade(-21.799, 2.350, 6.311, 1856)
upgrade(-21.799, 2.350, 6.311, 1756)
place(-9.674, 1.000, 5.451, "Soldier", 1656)
task.wait(1)
upgrade(-9.674, 2.350, 5.451, 1306)
upgrade(-9.674, 2.350, 5.451, 1206)
place(-24.704, 1.000, 3.801, "Soldier", 3659)
task.wait(1)
upgrade(-24.704, 2.350, 3.801, 3561)
upgrade(-24.704, 2.350, 3.801, 4232)
place(-26.744, 1.000, 1.495, "Soldier", 3832)
task.wait(1)
upgrade(-26.744, 2.350, 1.495, 3492)
upgrade(-26.744, 2.350, 1.495, 3392)
place(-26.761, 1.000, -1.528, "Soldier", 3075)
task.wait(1)
upgrade(-26.761, 2.350, -1.528, 2735)
upgrade(-26.761, 2.350, -1.528, 2635)
place(-26.753, 1.000, -4.535, "Soldier", 2535)
task.wait(1)
upgrade(-26.753, 2.350, -4.535, 2335)
upgrade(-26.753, 2.350, -4.535, 2258)
place(-24.773, 1.000, 6.888, "Soldier", 2135)
task.wait(1)
upgrade(-24.773, 2.350, 6.888, 1785)
upgrade(-24.773, 2.350, 6.888, 1685)
upgrade(-24.773, 2.350, 6.888, 5044)
upgrade(-21.799, 2.350, 6.311, 3544)
upgrade(-18.742, 2.350, 6.328, 2069)
upgrade(-15.697, 2.350, 6.278, 1647)
upgrade(-12.698, 2.350, 5.804, 3635)
upgrade(-9.674, 2.350, 5.451, 2135)
upgrade(-9.675, 2.350, 2.283, 1501)
upgrade(-12.683, 2.350, 2.718, 1526)
upgrade(-15.648, 2.350, 3.249, 3316)
upgrade(-18.662, 2.350, 3.214, 2535)
upgrade(-21.699, 2.350, 3.266, 2071)
upgrade(-24.704, 2.350, 3.801, 1587)
upgrade(-23.746, 2.350, 0.928, 3732)
upgrade(-26.744, 2.350, 1.495, 2232)
upgrade(-23.756, 2.350, -2.090, 2282)
upgrade(-26.761, 2.350, -1.528, 1572)
upgrade(-23.717, 2.350, -5.145, 1556)
upgrade(-26.753, 2.350, -4.535, 2986)
upgrade(-25.828, 2.350, -7.429, 1684)
upgrade(-25.954, 2.350, -10.503, 1760)
upgrade(-20.788, 2.350, -13.158, 1574)
upgrade(-18.673, 2.350, -10.918, 1918)
upgrade(-17.875, 2.350, -14.228, 5676)
upgrade(-15.766, 2.350, -11.899, 4176)
upgrade(-14.845, 2.350, -14.812, 2676)
upgrade(-11.819, 2.350, -14.840, 1801)
upgrade(-12.709, 2.350, -11.939, 1851)
upgrade(-17.962, 2.350, -7.923, 3501)
upgrade(-18.106, 2.350, -4.924, 2001)
upgrade(-18.118, 2.350, -1.872, 1603)
upgrade(-15.099, 2.350, -8.916, 1553)
upgrade(-12.074, 2.350, -8.947, 1761)
upgrade(-9.041, 2.350, -8.857, 1611)
upgrade(-5.956, 2.350, -8.875, 3396)
upgrade(-6.096, 2.350, -3.782, 1896)
upgrade(-9.148, 2.350, -3.751, 1905)
upgrade(-12.194, 2.350, -3.345, 1520)
upgrade(-12.669, 2.350, -0.327, 1595)
upgrade(-9.647, 2.350, -0.755, 2970)
upgrade(-6.096, 2.350, -3.782, 6470)
sell(-25.968, 2.350, -13.519)
upgrade(-9.148, 2.350, -3.751, 7003)
sell(-24.704, 2.350, 3.801)
sell(-26.744, 2.350, 1.495)
sell(-23.746, 2.350, 0.928)
sell(-26.761, 2.350, -1.528)
sell(-23.756, 2.350, -2.090)
sell(-23.717, 2.350, -5.145)
sell(-26.753, 2.350, -4.535)
sell(-25.828, 2.350, -7.429)
sell(-25.954, 2.350, -10.503)
upgrade(-12.194, 2.350, -3.345, 14300)
upgrade(-9.647, 2.350, -0.755, 9550)
upgrade(-12.669, 2.350, -0.327, 4800)
sell(-21.699, 2.350, 3.266)
sell(-21.799, 2.350, 6.311)
sell(-24.773, 2.350, 6.888)
sell(-18.662, 2.350, 3.214)
sell(-18.742, 2.350, 6.328)
sell(-15.648, 2.350, 3.249)
sell(-15.697, 2.350, 6.278)
upgrade(-9.675, 2.350, 2.283, 10531)
upgrade(-9.674, 2.350, 5.451, 5781)
sell(-20.788, 2.350, -13.158)
sell(-18.673, 2.350, -10.918)
sell(-17.962, 2.350, -7.923)
sell(-18.106, 2.350, -4.924)
sell(-18.118, 2.350, -1.872)
sell(-17.875, 2.350, -14.228)
sell(-14.845, 2.350, -14.812)
sell(-15.766, 2.350, -11.899)
sell(-15.099, 2.350, -8.916)
place(5.543, 1.000, -5.977, "Soldier", 10578)
task.wait(1)
upgrade(5.543, 2.350, -5.977, 10228)
upgrade(5.543, 2.350, -5.977, 10130)
upgrade(5.543, 2.350, -5.977, 9740)
upgrade(5.543, 2.350, -5.977, 8255)
place(5.469, 1.000, -8.984, "Soldier", 3478)
task.wait(1)
upgrade(5.469, 2.350, -8.984, 3128)
upgrade(5.469, 2.350, -8.984, 3031)
upgrade(5.469, 2.350, -8.984, 2632)
place(8.577, 1.000, -9.364, "Soldier", 1128)
task.wait(1)
upgrade(8.577, 2.350, -9.364, 778)
upgrade(8.577, 2.350, -9.364, 679)
