place(16.881, 49.927, -14.042, "Assassin", 500)
place(16.875, 49.927, -8.878, "Assassin", 300)
task.wait(1)
upgrade(16.881, 51.277, -14.042, 362)
upgrade(16.875, 51.277, -8.878, 467)
upgrade(16.881, 51.277, -14.042, 1004)
upgrade(16.875, 51.277, -8.878, 1679)
place(21.985, 49.927, -14.003, "Assassin", 1926)
place(22.035, 49.927, -8.871, "Assassin", 2025)
task.wait(1)
upgrade(22.035, 51.277, -8.871, 1825)
upgrade(22.035, 51.277, -8.871, 1575)
upgrade(21.985, 51.277, -14.003, 575)
upgrade(21.985, 51.277, -14.003, 1525)
place(22.017, 49.927, -5.952, "Hunter", 1091)
task.wait(1)
upgrade(22.017, 51.277, -5.952, 351)
upgrade(22.017, 51.277, -5.952, 1426)
upgrade(22.017, 51.277, -5.952, 3354)
upgrade(21.985, 51.277, -14.003, 2779)
upgrade(22.035, 51.277, -8.871, 4394)
upgrade(16.881, 51.277, -14.042, 2786)
upgrade(16.875, 51.277, -8.878, 3060)
place(16.860, 49.927, -6.344, "Hunter", 894)
task.wait(1)
upgrade(16.860, 51.277, -6.344, 219)
upgrade(16.860, 51.277, -6.344, 2179)
upgrade(16.860, 51.277, -6.344, 3325)
place(21.980, 49.927, -2.929, "Hunter", 3463)
task.wait(1)
upgrade(21.980, 51.277, -2.929, 2713)
upgrade(21.980, 51.277, -2.929, 2562)
upgrade(21.980, 51.277, -2.929, 5088)
place(16.831, 49.927, -3.312, "Hunter", 1838)
task.wait(1)
upgrade(16.831, 51.277, -3.312, 1388)
upgrade(16.831, 51.277, -3.312, 1188)
upgrade(16.831, 51.277, -3.312, 4894)
place(16.678, 49.927, -0.271, "Hunter", 2205)
task.wait(1)
upgrade(16.678, 51.277, -0.271, 1460)
upgrade(16.678, 51.277, -0.271, 1380)
upgrade(16.678, 51.277, -0.271, 4902)
place(21.964, 49.928, 0.093, "Hunter", 2598)
task.wait(1)
upgrade(21.964, 51.278, 0.093, 2008)
upgrade(21.964, 51.278, 0.093, 1808)
upgrade(21.964, 51.278, 0.093, 6370)
upgrade(22.017, 51.277, -5.952, 10014)
place(24.654, 49.927, -4.359, "Hunter", 4238)
place(24.629, 49.927, -1.320, "Hunter", 4082)
place(14.189, 49.927, -4.869, "Hunter", 3728)
place(14.103, 49.927, -1.847, "Hunter", 3176)
task.wait(1)
upgrade(24.654, 51.277, -4.359, 6313)
upgrade(24.654, 51.277, -4.359, 6113)
upgrade(24.654, 51.277, -4.359, 5313)
upgrade(24.629, 51.277, -1.320, 2063)
upgrade(24.629, 51.277, -1.320, 1863)
upgrade(24.629, 51.277, -1.320, 3522)
upgrade(14.189, 51.277, -4.869, 253)
upgrade(14.189, 51.277, -4.869, 6370)
upgrade(14.189, 51.277, -4.869, 5570)
upgrade(14.103, 51.277, -1.847, 2320)
upgrade(14.103, 51.277, -1.847, 2120)
upgrade(14.103, 51.277, -1.847, 3495)
upgrade(16.860, 51.277, -6.344, 9401)
upgrade(16.831, 51.277, -3.312, 11113)
sell(21.985, 51.277, -14.003)
sell(16.881, 51.277, -14.042)
sell(16.875, 51.277, -8.878)
sell(22.035, 51.277, -8.871)
upgrade(21.980, 51.277, -2.929, 12313)
upgrade(14.189, 51.277, -4.869, 10413)
upgrade(24.654, 51.277, -4.359, 11013)
